<?xml version="1.0"?>
<opencv_storage>
<radius>2</radius>
<neighbors>8</neighbors>
<grid_x>7</grid_x>
<grid_y>7</grid_y>
<num_faces>1</num_faces>
<face-0 type_id="opencv-matrix">
  <rows>49</rows>
  <cols>10</cols>
  <dt>f</dt>
  <data>
    0. 5.54016605e-03 8.31024908e-03 7.75623247e-02 1.21883653e-01
    4.43213284e-02 4.15512472e-02 3.04709133e-02 6.37119114e-01
    3.32409963e-02 8.31024908e-03 8.31024908e-03 1.10803321e-02
    6.37119114e-02 2.04986140e-01 4.70914096e-02 1.10803321e-02
    4.43213284e-02 5.54016590e-01 4.70914096e-02 1.93905812e-02
    4.15512472e-02 3.60110775e-02 4.98614945e-02 3.32409978e-01
    7.47922435e-02 2.21606642e-02 5.81717417e-02 2.65927970e-01
    9.97229889e-02 0. 2.49307472e-02 4.15512472e-02 4.70914096e-02
    1.57894731e-01 1.10803321e-01 6.37119114e-02 3.04709133e-02
    4.73684192e-01 4.98614945e-02 2.77008303e-03 1.66204982e-02
    1.38504151e-02 9.14127380e-02 1.46814406e-01 9.69529077e-02
    6.64819926e-02 3.87811624e-02 4.51523542e-01 7.47922435e-02
    1.44044310e-01 1.30193904e-01 2.49307472e-02 6.37119114e-02
    5.26315793e-02 3.32409963e-02 4.43213284e-02 9.14127380e-02
    1.85595557e-01 2.29916885e-01 1.88365638e-01 1.49584487e-01
    6.92520738e-02 8.86426568e-02 4.15512472e-02 2.77008303e-02
    3.32409963e-02 1.05263159e-01 4.43213284e-02 2.52077550e-01 0. 0. 0.
    0. 0. 0. 0. 0. 1. 0. 0. 0. 0. 0. 0. 0. 0. 0. 1. 0. 3.32409963e-02
    3.04709133e-02 1.66204982e-02 4.43213284e-02 2.93628812e-01
    7.20221549e-02 3.60110775e-02 2.77008303e-02 3.73961210e-01
    7.20221549e-02 0. 2.77008303e-03 5.54016605e-03 9.69529077e-02
    1.96675897e-01 1.10803321e-01 2.49307472e-02 8.31024908e-03
    5.23545682e-01 3.04709133e-02 0. 0. 1.10803321e-02 4.70914096e-02
    4.15512472e-02 2.49307472e-02 5.54016605e-03 2.77008303e-03
    8.61495793e-01 5.54016605e-03 1.38504151e-02 3.32409963e-02
    6.64819926e-02 2.63157874e-01 1.93905815e-01 1.74515232e-01
    3.60110775e-02 4.15512472e-02 8.86426568e-02 8.86426568e-02
    8.58725756e-02 6.92520738e-02 1.35734066e-01 1.44044310e-01
    1.88365638e-01 8.58725756e-02 3.60110775e-02 4.15512472e-02
    5.26315793e-02 1.60664812e-01 0. 0. 0. 0. 0. 0. 0. 0. 1. 0. 0. 0. 0.
    0. 0. 0. 0. 0. 1. 0. 1.10803321e-02 5.81717417e-02 3.60110775e-02
    9.14127380e-02 3.29639882e-01 1.10803321e-01 6.64819926e-02
    6.09418266e-02 1.85595557e-01 4.98614945e-02 1.38504151e-02
    1.38504151e-02 3.60110775e-02 8.31024945e-02 1.96675897e-01
    7.47922435e-02 3.87811624e-02 1.66204982e-02 4.87534612e-01
    3.87811624e-02 0. 0. 0. 1.38504151e-02 2.77008303e-02 2.49307472e-02
    2.77008303e-02 1.38504151e-02 8.83656502e-01 8.31024908e-03 0. 0. 0.
    1.66204982e-02 8.31024908e-03 1.38504151e-02 2.77008303e-03
    1.10803321e-02 9.30747867e-01 1.66204982e-02 2.77008303e-03
    5.54016605e-03 6.37119114e-02 2.13296399e-01 2.68698066e-01
    7.47922435e-02 3.32409963e-02 1.38504151e-02 2.99168974e-01
    2.49307472e-02 0. 0. 0. 0. 0. 0. 0. 0. 1. 0. 0. 0. 0. 0.
    2.77008303e-03 0. 0. 0. 9.97229874e-01 0. 0. 0. 1.38504151e-02
    1.38504148e-01 3.37950140e-01 1.63434893e-01 3.04709133e-02 0.
    3.01939040e-01 1.38504151e-02 0. 0. 0. 5.54016605e-03 8.86426568e-02
    4.43213284e-02 1.10803321e-02 2.77008303e-03 8.47645402e-01 0. 0. 0.
    0. 4.43213284e-02 1.46814406e-01 6.09418266e-02 1.93905812e-02
    1.93905812e-02 6.95290864e-01 1.38504151e-02 0. 0. 1.10803321e-02
    1.10803321e-01 1.08033240e-01 1.02493070e-01 5.81717417e-02
    2.77008303e-02 5.65096915e-01 1.66204982e-02 0. 1.66204982e-02
    2.77008303e-02 1.10803321e-01 4.81994450e-01 8.31024945e-02
    1.93905812e-02 5.54016605e-02 1.52354568e-01 5.26315793e-02 0. 0. 0.
    0. 0. 0. 0. 0. 1. 0. 0. 0. 0. 0. 1.05263159e-01 1.38504151e-02
    8.31024908e-03 5.54016605e-03 8.67035985e-01 0. 5.26315793e-02
    6.64819926e-02 3.60110775e-02 1.21883653e-01 2.79778391e-01
    1.24653734e-01 5.54016605e-02 8.03324059e-02 4.15512472e-02
    1.41274229e-01 0. 0. 5.54016605e-03 8.03324059e-02 1.35734066e-01
    6.64819926e-02 2.49307472e-02 8.31024908e-03 6.75900280e-01
    2.77008303e-03 0. 0. 1.66204982e-02 6.64819926e-02 1.16343483e-01
    9.14127380e-02 5.54016605e-02 3.32409963e-02 5.95567822e-01
    2.49307472e-02 0. 2.77008303e-03 8.31024908e-03 4.70914096e-02
    1.38504148e-01 8.86426568e-02 4.15512472e-02 1.10803321e-02
    6.50969505e-01 1.10803321e-02 2.77008303e-02 3.60110775e-02
    3.04709133e-02 1.27423823e-01 3.93351793e-01 1.24653734e-01
    3.60110775e-02 8.03324059e-02 4.15512472e-02 1.02493070e-01 0. 0. 0.
    0. 0. 0. 0. 0. 1. 0. 0. 0. 0. 8.31024908e-03 9.69529077e-02
    2.77008303e-02 8.31024908e-03 8.31024908e-03 8.31024885e-01
    1.93905812e-02 4.43213284e-02 4.70914096e-02 4.98614945e-02
    1.46814406e-01 3.04709136e-01 1.49584487e-01 5.26315793e-02
    6.37119114e-02 4.70914096e-02 9.41828191e-02 2.77008303e-03 0.
    2.77008303e-03 2.49307472e-02 1.24653734e-01 3.87811624e-02
    2.77008303e-02 2.21606642e-02 7.22991645e-01 3.32409963e-02
    2.77008303e-03 0. 1.93905812e-02 7.20221549e-02 8.86426568e-02
    6.37119114e-02 4.98614945e-02 5.54016605e-03 6.95290864e-01
    2.77008303e-03 0. 5.54016605e-03 3.32409963e-02 7.20221549e-02
    1.49584487e-01 6.37119114e-02 5.54016605e-03 0. 6.70360088e-01 0.
    3.32409963e-02 6.37119114e-02 8.31024945e-02 2.16066480e-01
    2.07756221e-01 1.24653734e-01 6.92520738e-02 4.43213284e-02
    3.32409963e-02 1.24653734e-01 0. 0. 5.54016605e-03 7.47922435e-02
    1.68975070e-01 8.86426568e-02 1.66204982e-02 3.60110775e-02
    5.95567822e-01 1.38504151e-02 2.77008303e-03 0. 3.87811624e-02
    1.88365638e-01 1.57894731e-01 1.08033240e-01 2.49307472e-02
    2.49307472e-02 4.15512443e-01 3.87811624e-02 1.10803321e-02
    2.21606642e-02 3.32409963e-02 8.86426568e-02 3.32409978e-01
    1.41274229e-01 1.93905812e-02 3.32409963e-02 2.90858716e-01
    2.77008303e-02 0. 0. 0. 8.31024908e-03 7.75623247e-02 0.
    2.77008303e-03 1.10803321e-02 8.69806051e-01 3.04709133e-02
    1.66204982e-02 2.49307472e-02 6.37119114e-02 2.35457063e-01
    2.63157874e-01 1.19113572e-01 4.70914096e-02 3.32409963e-02
    9.41828191e-02 1.02493070e-01 4.43213284e-02 5.81717417e-02
    1.35734066e-01 1.99445978e-01 2.43767306e-01 1.38504148e-01
    7.20221549e-02 2.21606642e-02 1.10803321e-02 7.47922435e-02
    7.20221549e-02 8.03324059e-02 4.98614945e-02 1.60664812e-01
    3.18559557e-01 6.64819926e-02 5.26315793e-02 5.26315793e-02
    3.04709133e-02 1.16343483e-01</data></face-0>
