<?xml version="1.0"?>
<opencv_storage>
<radius>2</radius>
<neighbors>8</neighbors>
<grid_x>7</grid_x>
<grid_y>7</grid_y>
<num_faces>1</num_faces>
<face-0 type_id="opencv-matrix">
  <rows>49</rows>
  <cols>10</cols>
  <dt>f</dt>
  <data>
    0. 5.54016605e-03 8.31024908e-03 6.92520738e-02 1.05263159e-01
    6.92520738e-02 3.87811624e-02 1.93905812e-02 6.56509697e-01
    2.77008303e-02 0. 5.54016605e-03 2.21606642e-02 6.92520738e-02
    1.57894731e-01 6.09418266e-02 2.77008303e-03 2.49307472e-02
    6.28808856e-01 2.77008303e-02 1.93905812e-02 4.15512472e-02
    1.93905812e-02 4.15512472e-02 3.60110790e-01 4.98614945e-02
    4.70914096e-02 4.98614945e-02 2.52077550e-01 1.19113572e-01
    5.54016605e-03 2.49307472e-02 3.87811624e-02 5.26315793e-02
    1.91135734e-01 9.97229889e-02 7.75623247e-02 3.32409963e-02
    4.43213284e-01 3.32409963e-02 2.77008303e-03 4.15512472e-02
    4.70914096e-02 9.41828191e-02 1.91135734e-01 1.27423823e-01
    8.86426568e-02 4.15512472e-02 3.04709136e-01 6.09418266e-02
    1.16343483e-01 1.24653734e-01 5.81717417e-02 6.09418266e-02
    6.92520738e-02 1.38504151e-02 1.66204982e-02 1.08033240e-01
    1.93905815e-01 2.38227144e-01 1.71745151e-01 1.71745151e-01
    6.64819926e-02 6.09418266e-02 4.43213284e-02 2.21606642e-02
    1.38504151e-02 8.86426568e-02 6.92520738e-02 2.90858716e-01 0. 0. 0.
    0. 0. 0. 0. 0. 1. 0. 0. 0. 0. 0. 0. 0. 0. 0. 1. 0. 5.26315793e-02
    4.43213284e-02 3.32409963e-02 6.09418266e-02 3.71191114e-01
    2.49307472e-02 1.66204982e-02 4.98614945e-02 2.74238229e-01
    7.20221549e-02 8.31024908e-03 1.38504151e-02 1.10803321e-02
    7.20221549e-02 1.80055395e-01 1.32963985e-01 2.49307472e-02
    3.04709133e-02 4.76454288e-01 4.98614945e-02 0. 2.77008303e-03
    1.66204982e-02 3.04709133e-02 2.21606642e-02 1.10803321e-02
    1.38504151e-02 2.77008303e-03 8.94736826e-01 5.54016605e-03
    2.21606642e-02 3.32409963e-02 8.58725756e-02 1.82825476e-01
    2.38227144e-01 1.38504148e-01 6.37119114e-02 3.87811624e-02
    9.97229889e-02 9.69529077e-02 1.05263159e-01 6.09418266e-02
    6.64819926e-02 1.38504148e-01 2.54847646e-01 9.41828191e-02
    3.87811624e-02 3.60110775e-02 3.32409963e-02 1.71745151e-01 0. 0. 0.
    0. 0. 0. 0. 0. 1. 0. 0. 0. 0. 0. 0. 0. 0. 0. 1. 0. 3.04709133e-02
    3.60110775e-02 3.04709133e-02 9.97229889e-02 3.68421048e-01
    1.71745151e-01 7.47922435e-02 2.49307472e-02 1.16343483e-01
    4.70914096e-02 8.31024908e-03 8.31024908e-03 3.60110775e-02
    8.31024945e-02 2.38227144e-01 9.97229889e-02 2.21606642e-02
    1.66204982e-02 4.70914125e-01 1.66204982e-02 0. 0. 8.31024908e-03
    1.93905812e-02 5.54016605e-02 4.98614945e-02 3.32409963e-02
    3.60110775e-02 7.81163394e-01 1.66204982e-02 0. 0. 0. 1.38504151e-02
    8.31024908e-03 1.66204982e-02 2.21606642e-02 1.66204982e-02
    9.08587217e-01 1.38504151e-02 5.54016605e-03 1.66204982e-02
    4.98614945e-02 1.68975070e-01 2.10526317e-01 7.47922435e-02
    3.60110775e-02 2.77008303e-02 3.76731277e-01 3.32409963e-02 0. 0. 0.
    0. 0. 0. 0. 0. 1. 0. 0. 0. 0. 0. 3.32409963e-02 0. 0. 0.
    9.66758966e-01 0. 0. 0. 1.66204982e-02 1.41274229e-01 3.37950140e-01
    1.49584487e-01 4.70914096e-02 1.10803321e-02 2.74238229e-01
    2.21606642e-02 0. 0. 0. 5.54016605e-03 3.87811624e-02 3.60110775e-02
    3.04709133e-02 2.77008303e-03 8.86426568e-01 0. 0. 0. 2.77008303e-03
    3.87811624e-02 1.82825476e-01 5.81717417e-02 1.93905812e-02 0.
    6.98060930e-01 0. 0. 2.77008303e-03 8.31024908e-03 1.02493070e-01
    1.46814406e-01 1.66204989e-01 6.64819926e-02 1.38504151e-02
    4.76454288e-01 1.66204982e-02 1.10803321e-02 1.66204982e-02
    6.09418266e-02 1.52354568e-01 3.90581697e-01 8.03324059e-02
    3.60110775e-02 6.64819926e-02 1.08033240e-01 7.75623247e-02 0. 0. 0.
    0. 0. 0. 0. 0. 1. 0. 0. 0. 0. 0. 1.30193904e-01 1.93905812e-02
    1.93905812e-02 2.21606642e-02 7.86703587e-01 2.21606642e-02
    6.09418266e-02 6.09418266e-02 4.70914096e-02 1.46814406e-01
    2.99168974e-01 1.57894731e-01 6.09418266e-02 4.15512472e-02
    2.21606642e-02 1.02493070e-01 2.77008303e-03 0. 5.54016605e-03
    6.37119114e-02 1.30193904e-01 5.54016605e-02 2.77008303e-03 0.
    7.36842096e-01 2.77008303e-03 0. 0. 1.10803321e-02 6.92520738e-02
    1.13573402e-01 1.16343483e-01 4.15512472e-02 6.37119114e-02
    5.62326849e-01 2.21606642e-02 0. 0. 0. 3.87811624e-02 1.52354568e-01
    6.09418266e-02 2.77008303e-03 0. 7.45152354e-01 0. 3.60110775e-02
    2.49307472e-02 5.26315793e-02 1.46814406e-01 4.12742376e-01
    1.02493070e-01 1.93905812e-02 5.54016605e-02 4.98614945e-02
    9.97229889e-02 0. 0. 0. 0. 0. 0. 0. 0. 1. 0. 0. 0. 0. 1.38504151e-02
    9.41828191e-02 3.60110775e-02 5.54016605e-03 3.60110775e-02
    7.95013845e-01 1.93905812e-02 3.32409963e-02 3.32409963e-02
    3.60110775e-02 1.88365638e-01 2.99168974e-01 1.74515232e-01
    4.70914096e-02 4.15512472e-02 6.37119114e-02 8.31024945e-02 0. 0. 0.
    8.31024908e-03 5.81717417e-02 1.93905812e-02 0. 5.54016605e-03
    9.08587217e-01 0. 0. 2.77008303e-03 1.93905812e-02 9.14127380e-02
    1.68975070e-01 1.19113572e-01 3.60110775e-02 8.31024908e-03
    5.37396133e-01 1.66204982e-02 2.77008303e-03 1.93905812e-02
    5.81717417e-02 9.14127380e-02 1.82825476e-01 8.31024945e-02
    2.77008303e-02 5.54016605e-03 5.18005550e-01 1.10803321e-02
    4.43213284e-02 6.09418266e-02 1.35734066e-01 2.18836561e-01
    2.02216059e-01 1.05263159e-01 9.97229889e-02 3.87811624e-02
    1.38504151e-02 8.03324059e-02 2.77008303e-03 0. 8.31024908e-03
    7.47922435e-02 2.18836561e-01 9.41828191e-02 4.70914096e-02
    3.87811624e-02 4.98614937e-01 1.66204982e-02 2.77008303e-03
    8.31024908e-03 6.09418266e-02 1.74515232e-01 2.35457063e-01
    1.38504148e-01 5.54016605e-02 2.49307472e-02 2.54847646e-01
    4.43213284e-02 1.10803321e-02 2.21606642e-02 3.87811624e-02
    1.02493070e-01 2.57617712e-01 9.41828191e-02 5.26315793e-02
    2.49307472e-02 3.65650952e-01 3.04709133e-02 0. 0. 0. 1.10803321e-02
    1.19113572e-01 1.66204982e-02 2.49307472e-02 1.93905812e-02
    7.75623262e-01 3.32409963e-02 2.21606642e-02 3.32409963e-02
    7.75623247e-02 2.02216059e-01 2.65927970e-01 1.41274229e-01
    4.70914096e-02 1.93905812e-02 9.14127380e-02 9.97229889e-02
    5.26315793e-02 9.41828191e-02 1.10803321e-01 2.46537387e-01
    2.10526317e-01 1.35734066e-01 6.92520738e-02 1.93905812e-02
    1.38504151e-02 4.70914096e-02 5.81717417e-02 6.92520738e-02
    7.75623247e-02 1.74515232e-01 2.90858716e-01 9.69529077e-02
    6.64819926e-02 4.43213284e-02 2.21606642e-02 9.97229889e-02</data></face-0>
