<?xml version="1.0"?>
<opencv_storage>
<radius>2</radius>
<neighbors>8</neighbors>
<grid_x>7</grid_x>
<grid_y>7</grid_y>
<num_faces>1</num_faces>
<face-0 type_id="opencv-matrix">
  <rows>49</rows>
  <cols>10</cols>
  <dt>f</dt>
  <data>
    4.49999981e-02 3.24999988e-02 6.74999952e-02 1.62499994e-01
    2.69999981e-01 1.09999999e-01 4.49999981e-02 4.25000004e-02
    1.40000001e-01 8.50000009e-02 3.50000001e-02 4.99999970e-02
    6.49999976e-02 1.25000000e-01 2.97499985e-01 7.49999955e-02
    4.74999994e-02 4.74999994e-02 1.32499993e-01 1.25000000e-01
    1.75000001e-02 3.74999978e-02 4.74999994e-02 1.52500004e-01
    2.97499985e-01 1.64999992e-01 4.25000004e-02 3.74999978e-02
    9.74999964e-02 1.04999997e-01 1.49999997e-02 4.49999981e-02
    8.50000009e-02 1.79999992e-01 2.42499992e-01 1.29999995e-01
    8.50000009e-02 5.49999997e-02 8.99999961e-02 7.24999979e-02
    2.49999985e-02 3.99999991e-02 7.75000006e-02 1.27499998e-01
    2.89999992e-01 1.02499999e-01 8.24999958e-02 5.24999984e-02
    1.22499995e-01 7.99999982e-02 2.49999985e-02 1.49999997e-02
    1.49999997e-02 8.24999958e-02 8.74999985e-02 5.99999987e-02
    6.49999976e-02 8.74999985e-02 4.67500001e-01 9.49999988e-02
    1.79999992e-01 1.87500000e-01 5.24999984e-02 3.99999991e-02
    6.25000000e-02 3.24999988e-02 6.49999976e-02 8.99999961e-02
    6.25000000e-02 2.27499992e-01 1.24999993e-02 3.24999988e-02
    3.74999978e-02 9.25000012e-02 2.34999999e-01 1.07499994e-01
    5.99999987e-02 3.74999978e-02 3.27499986e-01 5.74999973e-02 0. 0. 0.
    9.99999978e-03 1.24999993e-02 9.99999978e-03 0. 0. 9.67499971e-01 0.
    3.50000001e-02 2.99999993e-02 1.75000001e-02 8.74999985e-02
    2.22499996e-01 5.74999973e-02 4.49999981e-02 7.75000006e-02
    3.14999998e-01 1.12499997e-01 1.99999996e-02 3.99999991e-02
    3.99999991e-02 5.99999987e-02 1.89999998e-01 7.99999982e-02
    5.49999997e-02 3.74999978e-02 4.07499999e-01 7.00000003e-02
    7.49999983e-03 1.49999997e-02 3.74999978e-02 7.49999955e-02
    9.99999940e-02 2.74999999e-02 3.50000001e-02 4.74999994e-02
    5.94999969e-01 5.99999987e-02 8.24999958e-02 1.14999995e-01
    1.22499995e-01 1.89999998e-01 1.42499998e-01 1.02499999e-01
    6.25000000e-02 2.49999985e-02 1.75000001e-02 1.40000001e-01
    7.00000003e-02 7.24999979e-02 1.07499994e-01 1.32499993e-01
    2.34999999e-01 8.24999958e-02 7.00000003e-02 7.75000006e-02
    2.99999993e-02 1.22499995e-01 0. 0. 0. 0. 3.24999988e-02 0. 0. 0.
    9.67499971e-01 0. 0. 0. 0. 0. 6.74999952e-02 9.99999978e-03 0. 0.
    9.22499955e-01 0. 3.24999988e-02 3.99999991e-02 8.50000009e-02
    1.42499998e-01 2.77500004e-01 1.25000000e-01 7.99999982e-02
    6.49999976e-02 4.49999981e-02 1.07499994e-01 1.75000001e-02
    1.99999996e-02 1.99999996e-02 4.25000004e-02 2.12499991e-01
    1.07499994e-01 2.99999993e-02 3.24999988e-02 4.74999994e-01
    4.25000004e-02 7.49999983e-03 9.99999978e-03 7.49999983e-03
    2.74999999e-02 1.17500000e-01 3.74999978e-02 5.74999973e-02
    6.49999976e-02 6.12500012e-01 5.74999973e-02 2.24999990e-02
    3.50000001e-02 6.74999952e-02 1.42499998e-01 3.92499983e-01
    1.59999996e-01 3.74999978e-02 3.24999988e-02 3.24999988e-02
    7.75000006e-02 4.99999970e-02 6.25000000e-02 9.25000012e-02
    2.27499992e-01 2.47499987e-01 9.74999964e-02 8.50000009e-02
    2.99999993e-02 3.99999991e-02 6.74999952e-02 0. 0. 0. 0. 0. 0. 0. 0.
    1. 0. 0. 0. 0. 0. 1.75000001e-02 0. 0. 0. 9.82499957e-01 0. 0.
    2.49999994e-03 1.49999997e-02 5.99999987e-02 1.44999996e-01
    7.00000003e-02 4.99999970e-02 4.49999981e-02 5.79999983e-01
    3.24999988e-02 0. 2.49999994e-03 0. 1.49999997e-02 8.99999961e-02
    3.74999978e-02 2.99999993e-02 3.99999991e-02 7.59999990e-01
    2.49999985e-02 2.74999999e-02 2.99999993e-02 7.00000003e-02
    1.97499990e-01 2.64999986e-01 1.55000001e-01 7.75000006e-02
    5.24999984e-02 4.49999981e-02 7.99999982e-02 4.49999981e-02
    1.09999999e-01 7.00000003e-02 1.12499997e-01 2.87499994e-01
    1.29999995e-01 3.74999978e-02 5.99999987e-02 3.24999988e-02
    1.14999995e-01 2.49999994e-03 2.24999990e-02 2.74999999e-02
    1.12499997e-01 4.12499994e-01 1.82499990e-01 3.99999991e-02
    2.24999990e-02 1.29999995e-01 4.74999994e-02 0. 0. 0. 0. 0. 0. 0. 0.
    1. 0. 0. 0. 2.49999994e-03 2.49999985e-02 1.04999997e-01
    4.74999994e-02 2.24999990e-02 9.99999978e-03 7.72499979e-01
    1.49999997e-02 3.74999978e-02 5.99999987e-02 6.49999976e-02
    1.22499995e-01 1.49999991e-01 1.14999995e-01 8.24999958e-02
    6.74999952e-02 1.57499999e-01 1.42499998e-01 0. 1.99999996e-02
    1.75000001e-02 4.49999981e-02 2.02500001e-01 7.49999955e-02
    2.24999990e-02 5.99999987e-02 5.00000000e-01 5.74999973e-02
    4.99999989e-03 1.49999997e-02 3.24999988e-02 7.75000006e-02
    1.57499999e-01 1.34999990e-01 4.74999994e-02 2.49999985e-02
    4.57499981e-01 4.74999994e-02 3.99999991e-02 8.74999985e-02
    8.24999958e-02 1.72499999e-01 2.89999992e-01 1.12499997e-01
    2.74999999e-02 5.99999987e-02 2.99999993e-02 9.74999964e-02
    1.75000001e-02 1.75000001e-02 2.99999993e-02 1.77499995e-01
    3.72500002e-01 1.22499995e-01 5.49999997e-02 1.99999996e-02
    1.55000001e-01 3.24999988e-02 4.99999989e-03 7.49999983e-03
    2.24999990e-02 5.99999987e-02 1.74999997e-01 5.99999987e-02
    7.49999983e-03 4.99999989e-03 6.39999986e-01 1.75000001e-02 0. 0. 0.
    4.99999989e-03 1.07499994e-01 7.49999983e-03 9.99999978e-03
    1.49999997e-02 8.42499971e-01 1.24999993e-02 4.49999981e-02
    7.24999979e-02 7.00000003e-02 1.17500000e-01 2.57499993e-01
    1.19999997e-01 1.07499994e-01 4.99999970e-02 4.49999981e-02
    1.14999995e-01 9.99999978e-03 7.49999983e-03 9.99999978e-03
    8.74999985e-02 1.47499993e-01 8.50000009e-02 1.75000001e-02
    2.49999985e-02 5.87499976e-01 2.24999990e-02 4.99999989e-03 0.
    3.24999988e-02 5.74999973e-02 7.99999982e-02 7.00000003e-02
    2.49999985e-02 4.99999970e-02 6.42499983e-01 3.74999978e-02
    4.74999994e-02 3.50000001e-02 6.49999976e-02 2.24999994e-01
    2.24999994e-01 1.42499998e-01 6.49999976e-02 1.75000001e-02
    9.25000012e-02 8.50000009e-02 7.24999979e-02 1.04999997e-01
    1.04999997e-01 1.87500000e-01 1.67499989e-01 9.74999964e-02
    4.99999970e-02 3.50000001e-02 3.24999988e-02 1.47499993e-01
    2.99999993e-02 2.99999993e-02 5.24999984e-02 1.82499990e-01
    3.47499996e-01 1.19999997e-01 6.49999976e-02 5.49999997e-02
    3.74999978e-02 7.99999982e-02 1.49999997e-02 2.99999993e-02
    5.74999973e-02 1.44999996e-01 3.79999995e-01 1.09999999e-01
    7.00000003e-02 3.24999988e-02 8.50000009e-02 7.49999955e-02
    2.49999985e-02 4.49999981e-02 9.74999964e-02 1.92499995e-01
    2.87499994e-01 1.07499994e-01 4.99999970e-02 6.49999976e-02
    4.99999970e-02 7.99999982e-02 4.99999989e-03 3.74999978e-02
    3.74999978e-02 1.04999997e-01 2.92499989e-01 9.49999988e-02
    5.24999984e-02 4.49999981e-02 2.12499991e-01 1.17500000e-01
    5.99999987e-02 5.99999987e-02 9.25000012e-02 1.77499995e-01
    1.85000002e-01 1.02499999e-01 8.50000009e-02 2.74999999e-02
    5.24999984e-02 1.57499999e-01 5.24999984e-02 4.25000004e-02
    1.04999997e-01 2.39999995e-01 2.04999998e-01 9.25000012e-02
    7.00000003e-02 5.99999987e-02 5.49999997e-02 7.75000006e-02
    1.25000000e-01 1.22499995e-01 4.99999970e-02 6.49999976e-02
    1.92499995e-01 4.74999994e-02 4.25000004e-02 7.00000003e-02
    5.99999987e-02 2.24999994e-01</data></face-0>
