<?xml version="1.0"?>
<opencv_storage>
<radius>2</radius>
<neighbors>8</neighbors>
<grid_x>7</grid_x>
<grid_y>7</grid_y>
<num_faces>1</num_faces>
<face-0 type_id="opencv-matrix">
  <rows>49</rows>
  <cols>10</cols>
  <dt>f</dt>
  <data>
    1.34948105e-01 1.76470593e-01 8.65051895e-02 8.65051895e-02
    1.24567479e-01 3.46020758e-02 5.19031174e-02 5.88235296e-02
    4.49827015e-02 2.00692043e-01 5.53633235e-02 8.65051895e-02
    9.68858153e-02 1.28027692e-01 2.94117659e-01 4.84429076e-02
    5.53633235e-02 7.61245713e-02 2.76816618e-02 1.31487891e-01
    6.92041544e-03 3.11418697e-02 4.15224917e-02 1.14186853e-01
    2.31833920e-01 1.24567479e-01 7.26643652e-02 6.57439455e-02
    2.14532882e-01 9.68858153e-02 0. 0. 3.46020772e-03 1.38408309e-02
    2.42214538e-02 2.42214538e-02 2.76816618e-02 6.92041516e-02
    8.16609025e-01 2.07612459e-02 3.46020772e-03 2.07612459e-02
    3.46020772e-03 4.84429076e-02 8.99654031e-02 4.49827015e-02
    2.42214538e-02 5.19031174e-02 6.40138447e-01 7.26643652e-02
    1.00346021e-01 8.30449834e-02 4.84429076e-02 5.53633235e-02
    1.28027692e-01 8.65051895e-02 8.99654031e-02 5.88235296e-02
    1.17647059e-01 2.31833920e-01 5.53633235e-02 1.07266441e-01
    5.19031174e-02 5.19031174e-02 1.41868517e-01 5.53633235e-02
    5.88235296e-02 4.49827015e-02 2.73356408e-01 1.59169555e-01
    3.80622856e-02 2.07612459e-02 1.38408309e-02 1.59169555e-01
    3.66782010e-01 9.34256092e-02 2.42214538e-02 2.42214538e-02
    1.93771631e-01 6.57439455e-02 1.38408309e-02 3.46020772e-03
    2.42214538e-02 5.19031174e-02 1.90311432e-01 5.53633235e-02
    3.11418697e-02 3.11418697e-02 5.67474067e-01 3.11418697e-02
    9.34256092e-02 5.19031174e-02 1.00346021e-01 6.22837394e-02
    2.14532882e-01 1.03806235e-01 7.26643652e-02 7.95847774e-02
    4.49827015e-02 1.76470593e-01 1.73010379e-02 3.80622856e-02
    1.03806229e-02 3.80622856e-02 1.28027692e-01 4.15224917e-02
    2.76816618e-02 3.46020758e-02 6.50519073e-01 1.38408309e-02
    1.03806229e-02 1.03806229e-02 1.03806229e-02 3.11418697e-02
    1.14186853e-01 5.88235296e-02 1.73010379e-02 3.46020772e-03
    7.12802768e-01 3.11418697e-02 1.00346021e-01 8.30449834e-02
    6.92041516e-02 1.10726647e-01 1.55709341e-01 8.65051895e-02
    6.57439455e-02 6.57439455e-02 7.61245713e-02 1.86851218e-01
    4.49827015e-02 8.99654031e-02 9.34256092e-02 1.21107273e-01
    2.94117659e-01 9.34256092e-02 4.49827015e-02 3.11418697e-02
    6.22837394e-02 1.24567479e-01 0. 0. 0. 1.03806229e-02 1.38408309e-02
    1.38408309e-02 0. 0. 9.61937726e-01 0. 0. 0. 0. 0. 6.22837394e-02
    1.03806229e-02 0. 6.92041544e-03 9.20415282e-01 0. 2.42214538e-02
    6.57439455e-02 1.07266441e-01 1.31487891e-01 2.07612470e-01
    8.65051895e-02 1.03806235e-01 1.07266441e-01 3.80622856e-02
    1.28027692e-01 3.46020772e-03 3.11418697e-02 5.53633235e-02
    9.34256092e-02 2.04152256e-01 1.14186853e-01 2.42214538e-02
    6.57439455e-02 3.11418682e-01 9.68858153e-02 0. 1.38408309e-02
    3.46020772e-03 2.07612459e-02 8.30449834e-02 7.26643652e-02
    5.53633235e-02 6.22837394e-02 6.29757822e-01 5.88235296e-02 0.
    3.46020772e-03 6.92041544e-03 2.76816618e-02 1.14186853e-01
    8.65051895e-02 3.46020772e-03 3.46020772e-03 7.54325271e-01 0.
    5.53633235e-02 4.15224917e-02 7.61245713e-02 1.86851218e-01
    2.80276835e-01 1.83391005e-01 4.84429076e-02 2.76816618e-02
    2.07612459e-02 7.95847774e-02 0. 0. 0. 0. 0. 0. 0. 0. 1. 0. 0. 0. 0.
    0. 0. 0. 0. 0. 1. 0. 6.92041544e-03 3.46020772e-03 4.49827015e-02
    1.17647059e-01 2.52595156e-01 5.88235296e-02 6.22837394e-02
    6.22837394e-02 3.07958484e-01 8.30449834e-02 0. 0. 6.92041544e-03
    1.03806229e-02 6.57439455e-02 3.80622856e-02 3.80622856e-02
    1.73010379e-02 8.23529422e-01 0. 0. 6.92041544e-03 3.46020772e-03
    6.22837394e-02 1.90311432e-01 1.14186853e-01 3.46020758e-02
    2.76816618e-02 5.50173044e-01 1.03806229e-02 3.11418697e-02
    4.49827015e-02 2.76816618e-02 1.24567479e-01 2.49134958e-01
    8.65051895e-02 2.42214538e-02 4.15224917e-02 2.66435981e-01
    1.03806235e-01 3.11418697e-02 6.22837394e-02 4.84429076e-02
    1.41868517e-01 3.42560560e-01 9.34256092e-02 5.19031174e-02
    8.30449834e-02 4.84429076e-02 9.68858153e-02 0. 0. 0. 0. 0. 0. 0. 0.
    1. 0. 0. 0. 0. 0. 1.00346021e-01 0. 3.46020772e-03 0. 8.92733574e-01
    3.46020772e-03 3.46020758e-02 1.21107273e-01 7.26643652e-02
    1.21107273e-01 1.59169555e-01 1.17647059e-01 8.65051895e-02
    1.00346021e-01 4.49827015e-02 1.41868517e-01 4.84429076e-02
    7.26643652e-02 6.57439455e-02 8.65051895e-02 1.55709341e-01
    1.34948105e-01 7.95847774e-02 8.65051895e-02 1.38408303e-01
    1.31487891e-01 3.46020772e-03 1.73010379e-02 1.38408309e-02
    7.95847774e-02 1.41868517e-01 1.41868517e-01 1.00346021e-01
    6.57439455e-02 3.91003460e-01 4.49827015e-02 6.92041544e-03
    2.07612459e-02 5.88235296e-02 9.34256092e-02 2.80276835e-01
    1.07266441e-01 4.15224917e-02 3.46020758e-02 3.01038086e-01
    5.53633235e-02 3.11418697e-02 6.22837394e-02 6.22837394e-02
    1.76470593e-01 2.38754332e-01 1.21107273e-01 5.88235296e-02
    8.30449834e-02 5.53633235e-02 1.10726647e-01 0. 0. 0. 0.
    6.22837394e-02 0. 0. 0. 9.37716305e-01 0. 0. 0. 0. 6.92041544e-03
    2.14532882e-01 4.15224917e-02 2.42214538e-02 0. 7.12802768e-01 0.
    4.15224917e-02 1.07266441e-01 5.53633235e-02 1.03806235e-01
    1.97231844e-01 1.17647059e-01 8.99654031e-02 1.00346021e-01
    6.57439455e-02 1.21107273e-01 2.07612459e-02 6.92041516e-02
    3.46020758e-02 6.57439455e-02 2.14532882e-01 8.65051895e-02
    3.80622856e-02 9.34256092e-02 2.62975782e-01 1.14186853e-01
    3.46020772e-03 3.46020772e-03 6.92041544e-03 6.92041516e-02
    1.66089967e-01 8.30449834e-02 2.42214538e-02 0. 6.36678219e-01
    6.92041544e-03 3.46020758e-02 5.53633235e-02 1.00346021e-01
    1.90311432e-01 2.97577858e-01 2.00692043e-01 4.49827015e-02
    1.38408309e-02 6.92041544e-03 5.53633235e-02 1.14186853e-01
    7.26643652e-02 1.10726647e-01 1.34948105e-01 1.34948105e-01
    1.17647059e-01 6.22837394e-02 7.61245713e-02 1.73010379e-02
    1.59169555e-01 3.46020758e-02 4.84429076e-02 4.15224917e-02
    1.21107273e-01 5.22491395e-01 9.68858153e-02 1.38408309e-02
    3.46020758e-02 2.76816618e-02 5.88235296e-02 3.46020758e-02
    3.11418697e-02 5.88235296e-02 1.73010379e-01 4.49827015e-01
    1.21107273e-01 2.42214538e-02 2.42214538e-02 1.38408309e-02
    6.92041516e-02 2.76816618e-02 2.07612459e-02 1.00346021e-01
    2.24913508e-01 2.66435981e-01 1.07266441e-01 9.34256092e-02
    2.42214538e-02 5.53633235e-02 7.95847774e-02 0. 3.46020772e-03
    2.07612459e-02 5.88235296e-02 1.62629768e-01 4.49827015e-02
    3.11418697e-02 2.42214538e-02 6.43598616e-01 1.03806229e-02
    1.03806229e-02 3.11418697e-02 6.92041516e-02 1.79930806e-01
    3.28719735e-01 1.21107273e-01 5.53633235e-02 4.15224917e-02
    1.21107273e-01 4.15224917e-02 3.80622856e-02 6.22837394e-02
    9.34256092e-02 1.62629768e-01 2.66435981e-01 1.62629768e-01
    5.19031174e-02 2.42214538e-02 3.46020758e-02 1.03806235e-01
    8.99654031e-02 6.57439455e-02 6.57439455e-02 1.14186853e-01
    2.42214546e-01 1.24567479e-01 4.49827015e-02 5.19031174e-02
    4.49827015e-02 1.55709341e-01</data></face-0>
