<?xml version="1.0"?>
<opencv_storage>
<radius>2</radius>
<neighbors>8</neighbors>
<grid_x>7</grid_x>
<grid_y>7</grid_y>
<num_faces>1</num_faces>
<face-0 type_id="opencv-matrix">
  <rows>49</rows>
  <cols>10</cols>
  <dt>f</dt>
  <data>
    1.53061226e-02 2.04081628e-02 8.16326514e-02 1.22448981e-01
    2.85714269e-01 1.07142858e-01 4.59183678e-02 3.06122452e-02
    2.65306115e-01 2.55102031e-02 0. 0. 0. 4.59183678e-02 1.73469380e-01
    3.06122452e-02 0. 0. 7.50000000e-01 0. 0. 0. 0. 0. 1.02040814e-02 0.
    0. 0. 9.89795923e-01 0. 0. 0. 0. 5.10204071e-03 2.04081628e-02 0.
    1.02040814e-02 5.10204071e-03 9.54081595e-01 5.10204071e-03 0. 0.
    1.53061226e-02 2.55102031e-02 7.65306130e-02 3.57142836e-02
    1.53061226e-02 2.04081628e-02 8.01020384e-01 1.02040814e-02
    3.57142836e-02 4.08163257e-02 8.16326514e-02 7.65306130e-02
    1.47959188e-01 7.14285672e-02 8.67346898e-02 6.63265288e-02
    2.60204077e-01 1.32653058e-01 6.63265288e-02 3.06122452e-02
    3.06122452e-02 2.14285716e-01 2.34693870e-01 1.32653058e-01
    6.12244904e-02 4.08163257e-02 7.65306130e-02 1.12244897e-01
    1.53061226e-02 1.53061226e-02 0. 2.04081628e-02 1.63265303e-01
    1.02040812e-01 2.04081628e-02 1.53061226e-02 6.02040827e-01
    4.59183678e-02 0. 0. 0. 0. 3.57142836e-02 5.10204062e-02 0. 0.
    9.13265288e-01 0. 0. 0. 0. 9.69387740e-02 2.29591832e-01
    1.93877548e-01 6.12244904e-02 2.04081628e-02 3.92857134e-01
    5.10204071e-03 0. 0. 0. 0. 0. 0. 0. 0. 1. 0. 0. 0. 0. 0. 0. 0. 0. 0.
    1. 0. 0. 0. 0. 0. 0. 5.10204071e-03 0. 0. 9.94897962e-01 0.
    1.53061226e-02 2.55102031e-02 5.61224483e-02 1.63265303e-01
    2.75510192e-01 7.65306130e-02 6.12244904e-02 2.04081628e-02
    2.44897962e-01 6.12244904e-02 0. 0. 0. 0. 0. 0. 0. 0. 1. 0. 0. 0. 0.
    0. 7.65306130e-02 2.55102031e-02 1.53061226e-02 0. 8.82653058e-01 0.
    0. 2.04081628e-02 1.02040812e-01 2.80612230e-01 2.85714269e-01
    8.67346898e-02 7.65306130e-02 5.61224483e-02 2.55102031e-02
    6.63265288e-02 0. 0. 0. 1.53061226e-02 8.16326514e-02 8.67346898e-02
    4.08163257e-02 1.02040814e-02 7.60204077e-01 5.10204071e-03 0. 0. 0.
    0. 1.02040814e-02 2.55102031e-02 3.06122452e-02 0. 9.33673441e-01 0.
    0. 0. 0. 1.53061226e-02 8.67346898e-02 3.06122452e-02 0. 0.
    8.67346942e-01 0. 3.57142836e-02 4.08163257e-02 5.10204062e-02
    1.02040812e-01 3.11224490e-01 1.37755096e-01 1.12244897e-01
    7.14285672e-02 8.67346898e-02 5.10204062e-02 0. 0. 0. 0. 0. 0. 0. 0.
    1. 0. 0. 0. 0. 0. 1.02040814e-02 0. 0. 0. 9.89795923e-01 0. 0. 0.
    5.10204071e-03 6.63265288e-02 2.44897962e-01 1.83673471e-01
    3.06122452e-02 0. 4.43877548e-01 2.55102031e-02 0. 0. 0. 0. 0. 0. 0.
    0. 1. 0. 0. 0. 0. 3.57142836e-02 1.12244897e-01 5.10204062e-02
    4.59183678e-02 1.53061226e-02 7.24489808e-01 1.53061226e-02 0.
    5.10204071e-03 5.10204071e-03 8.67346898e-02 3.26530606e-01
    1.88775510e-01 4.59183678e-02 0. 3.31632644e-01 1.02040814e-02 0.
    1.02040814e-02 5.10204071e-03 9.18367356e-02 4.54081625e-01
    9.69387740e-02 1.02040814e-02 9.69387740e-02 1.12244897e-01
    1.22448981e-01 0. 0. 0. 0. 0. 0. 0. 0. 1. 0. 0. 0. 0. 0. 0. 0. 0. 0.
    1. 0. 0. 5.10204071e-03 0. 6.12244904e-02 5.61224461e-01
    2.14285716e-01 5.61224483e-02 1.53061226e-02 8.16326514e-02
    5.10204071e-03 0. 0. 1.02040814e-02 2.55102031e-02 2.14285716e-01
    7.65306130e-02 5.10204071e-03 1.53061226e-02 6.42857134e-01
    1.02040814e-02 0. 0. 1.02040814e-02 2.04081628e-02 1.12244897e-01
    1.12244897e-01 5.61224483e-02 6.63265288e-02 5.91836751e-01
    3.06122452e-02 0. 1.53061226e-02 4.59183678e-02 1.32653058e-01
    2.65306115e-01 1.78571418e-01 6.63265288e-02 1.53061226e-02
    2.29591832e-01 5.10204062e-02 4.08163257e-02 3.57142836e-02
    8.67346898e-02 1.12244897e-01 3.16326529e-01 7.14285672e-02
    1.22448981e-01 1.02040812e-01 2.04081628e-02 9.18367356e-02 0. 0.
    2.55102031e-02 1.27551019e-01 2.70408154e-01 9.69387740e-02
    3.57142836e-02 1.53061226e-02 4.08163249e-01 2.04081628e-02 0. 0. 0.
    3.06122452e-02 6.12244904e-02 1.02040814e-02 0. 0. 8.97959173e-01 0.
    5.10204071e-03 1.02040814e-02 4.59183678e-02 1.73469380e-01
    3.87755096e-01 1.68367341e-01 9.69387740e-02 3.57142836e-02
    4.08163257e-02 3.57142836e-02 5.10204071e-03 2.04081628e-02
    5.10204062e-02 6.63265288e-02 1.83673471e-01 1.58163264e-01
    5.10204062e-02 5.10204071e-03 4.59183663e-01 0. 0. 0. 2.04081628e-02
    6.12244904e-02 7.14285672e-02 3.06122452e-02 2.04081628e-02
    1.53061226e-02 7.65306115e-01 1.53061226e-02 0. 3.57142836e-02
    1.12244897e-01 1.47959188e-01 3.26530606e-01 8.67346898e-02
    3.57142836e-02 3.06122452e-02 1.98979586e-01 2.55102031e-02
    1.53061226e-02 1.02040814e-02 1.17346935e-01 2.14285716e-01
    3.31632644e-01 7.65306130e-02 1.53061226e-02 8.16326514e-02
    3.57142836e-02 1.02040812e-01 5.10204071e-03 5.10204071e-03
    4.59183678e-02 2.55102038e-01 5.15306115e-01 8.16326514e-02
    2.55102031e-02 1.02040814e-02 1.53061226e-02 4.08163257e-02 0. 0.
    1.53061226e-02 2.44897962e-01 5.05102038e-01 1.32653058e-01 0. 0.
    9.69387740e-02 5.10204071e-03 3.57142836e-02 2.55102031e-02
    4.59183678e-02 1.02040812e-01 4.13265288e-01 1.63265303e-01
    9.18367356e-02 3.06122452e-02 1.02040814e-02 8.16326514e-02 0.
    5.10204071e-03 3.06122452e-02 8.16326514e-02 1.83673471e-01
    1.22448981e-01 4.59183678e-02 3.57142836e-02 4.33673471e-01
    6.12244904e-02 0. 4.59183678e-02 6.63265288e-02 1.42857134e-01
    2.34693870e-01 9.69387740e-02 5.61224483e-02 6.12244904e-02
    1.83673471e-01 1.12244897e-01 1.32653058e-01 1.22448981e-01
    5.61224483e-02 4.08163257e-02 2.24489793e-01 6.63265288e-02
    6.63265288e-02 6.12244904e-02 4.08163257e-02 1.88775510e-01
    1.98979586e-01 1.47959188e-01 6.63265288e-02 5.61224483e-02
    8.67346898e-02 3.57142836e-02 1.53061226e-02 7.65306130e-02
    6.12244904e-02 2.55102038e-01</data></face-0>
