<?xml version="1.0"?>
<opencv_storage>
<radius>2</radius>
<neighbors>8</neighbors>
<grid_x>7</grid_x>
<grid_y>7</grid_y>
<num_faces>1</num_faces>
<face-0 type_id="opencv-matrix">
  <rows>49</rows>
  <cols>10</cols>
  <dt>f</dt>
  <data>
    4.44444455e-02 1.77777782e-02 1.46666676e-01 2.44444445e-01
    2.00000003e-01 1.06666669e-01 8.44444484e-02 3.99999991e-02
    2.66666673e-02 8.88888910e-02 0. 0. 0. 1.95555568e-01 3.46666664e-01
    1.28888890e-01 8.88888910e-03 0. 3.06666672e-01 1.33333337e-02 0. 0.
    0. 2.22222228e-02 1.91111118e-01 5.33333346e-02 3.99999991e-02
    1.77777782e-02 6.71111107e-01 4.44444455e-03 0. 0. 0. 0.
    3.11111119e-02 2.66666673e-02 3.11111119e-02 4.44444455e-02
    8.31111133e-01 3.55555564e-02 0. 0. 4.44444455e-03 7.99999982e-02
    1.68888897e-01 6.22222237e-02 2.22222228e-02 7.55555555e-02
    5.42222261e-01 4.44444455e-02 8.44444484e-02 1.11111112e-01
    1.28888890e-01 1.20000005e-01 1.11111112e-01 1.06666669e-01
    6.66666701e-02 7.11111128e-02 3.11111119e-02 1.68888897e-01
    2.13333338e-01 1.20000005e-01 4.88888919e-02 5.33333346e-02
    8.44444484e-02 3.55555564e-02 8.44444484e-02 3.55555564e-02
    6.66666701e-02 2.57777780e-01 4.44444455e-03 8.88888910e-03
    1.33333337e-02 2.22222228e-02 1.77777782e-01 1.28888890e-01
    4.44444455e-02 4.44444455e-03 5.46666682e-01 4.88888919e-02 0. 0. 0.
    0. 1.33333337e-02 0. 4.44444455e-03 0. 9.82222259e-01 0. 0.
    1.77777782e-02 4.44444455e-02 4.88888919e-02 3.11111122e-01
    1.59999996e-01 1.06666669e-01 2.22222228e-02 2.80000001e-01
    8.88888910e-03 0. 0. 0. 4.44444455e-03 0. 4.44444455e-03
    4.44444455e-03 0. 9.86666679e-01 0. 0. 0. 0. 8.88888910e-03
    4.44444455e-03 8.88888910e-03 0. 0. 9.77777779e-01 0. 2.66666673e-02
    8.88888910e-03 2.22222228e-02 1.02222227e-01 1.51111111e-01
    6.66666701e-02 3.11111119e-02 1.33333337e-02 5.24444461e-01
    5.33333346e-02 1.33333337e-02 3.99999991e-02 7.99999982e-02
    2.88888901e-01 3.02222222e-01 9.77777839e-02 2.66666673e-02
    5.77777773e-02 1.77777782e-02 7.55555555e-02 0. 0. 0. 0. 0. 0. 0. 0.
    1. 0. 0. 0. 0. 0. 1.33333337e-02 8.88888910e-03 0. 0. 9.77777779e-01
    0. 0. 1.77777782e-02 6.66666701e-02 9.77777839e-02 4.13333356e-01
    2.13333338e-01 4.88888919e-02 4.44444455e-02 3.99999991e-02
    5.77777773e-02 0. 0. 1.77777782e-02 3.99999991e-02 1.02222227e-01
    7.55555555e-02 4.44444455e-02 0. 7.20000029e-01 0. 0. 0. 0. 0. 0.
    8.88888910e-03 1.33333337e-02 0. 9.77777779e-01 0. 0. 0. 0. 0.
    6.22222237e-02 8.88888910e-03 1.77777782e-02 2.66666673e-02
    8.79999995e-01 4.44444455e-03 5.77777773e-02 7.11111128e-02
    7.11111128e-02 1.64444447e-01 2.17777789e-01 1.28888890e-01
    1.06666669e-01 3.11111119e-02 3.99999991e-02 1.11111112e-01 0. 0. 0.
    0. 0. 0. 0. 0. 1. 0. 0. 0. 0. 0. 0. 0. 0. 0. 1. 0. 0. 0. 0.
    1.33333337e-02 2.08888888e-01 1.64444447e-01 2.66666673e-02
    4.44444455e-03 5.68888903e-01 1.33333337e-02 0. 0. 0. 0. 0. 0. 0. 0.
    1. 0. 0. 0. 0. 8.44444484e-02 2.04444453e-01 1.37777776e-01
    8.44444484e-02 2.22222228e-02 4.48888898e-01 1.77777782e-02 0. 0. 0.
    7.11111128e-02 2.17777789e-01 1.06666669e-01 1.77777782e-02
    5.77777773e-02 4.84444469e-01 4.44444455e-02 1.33333337e-02
    4.88888919e-02 2.22222228e-02 1.37777776e-01 4.66666669e-01
    1.24444447e-01 3.99999991e-02 5.33333346e-02 6.66666701e-02
    2.66666673e-02 0. 0. 0. 0. 0. 0. 0. 0. 1. 0. 0. 0. 0. 0.
    1.77777782e-02 8.88888910e-03 0. 0. 9.73333359e-01 0. 0.
    1.33333337e-02 3.99999991e-02 1.20000005e-01 4.08888906e-01
    2.35555559e-01 6.22222237e-02 4.44444455e-02 3.55555564e-02
    3.99999991e-02 0. 8.88888910e-03 4.44444455e-03 4.44444455e-03
    1.15555555e-01 1.77777782e-02 8.88888910e-03 8.88888910e-03
    8.04444492e-01 2.66666673e-02 0. 0. 0. 4.44444455e-03 1.20000005e-01
    1.15555555e-01 4.88888919e-02 3.11111119e-02 6.66666687e-01
    1.33333337e-02 0. 0. 0. 2.22222228e-02 2.00000003e-01 2.22222228e-02
    1.77777782e-02 7.99999982e-02 6.26666665e-01 3.11111119e-02
    4.44444455e-03 4.44444455e-02 8.44444484e-02 1.86666667e-01
    4.00000006e-01 6.66666701e-02 5.33333346e-02 6.22222237e-02
    4.44444455e-02 5.33333346e-02 0. 0. 4.44444455e-03 1.77777782e-01
    2.75555551e-01 6.22222237e-02 0. 0. 4.80000019e-01 0. 0. 0. 0.
    4.44444455e-03 6.22222237e-02 2.66666673e-02 0. 0. 9.06666696e-01 0.
    4.44444455e-03 8.88888910e-03 4.88888919e-02 1.33333340e-01
    3.77777785e-01 2.08888888e-01 7.55555555e-02 3.99999991e-02
    8.44444484e-02 1.77777782e-02 0. 4.44444455e-03 4.44444455e-02
    1.33333337e-02 3.55555564e-02 3.55555564e-02 6.66666701e-02
    4.44444455e-03 7.95555592e-01 0. 0. 0. 0. 4.44444455e-03
    8.88888910e-03 1.33333337e-02 0. 0. 9.73333359e-01 0. 0.
    4.44444455e-03 2.22222228e-02 5.77777773e-02 3.02222222e-01
    4.44444455e-02 4.44444455e-03 0. 5.64444482e-01 0. 2.22222228e-02
    2.22222228e-02 9.33333337e-02 2.35555559e-01 2.71111131e-01
    1.06666669e-01 5.77777773e-02 7.99999982e-02 3.55555564e-02
    7.55555555e-02 1.77777782e-02 2.66666673e-02 2.66666673e-02
    1.73333332e-01 4.44444448e-01 1.11111112e-01 4.88888919e-02
    3.99999991e-02 1.77777782e-02 9.33333337e-02 8.88888910e-03
    4.44444455e-03 3.11111119e-02 1.42222226e-01 5.11111140e-01
    7.99999982e-02 2.66666673e-02 3.11111119e-02 1.02222227e-01
    6.22222237e-02 0. 1.77777782e-02 2.22222228e-02 2.22222228e-02
    4.35555577e-01 1.24444447e-01 5.33333346e-02 2.66666673e-02
    2.22222224e-01 7.55555555e-02 8.88888910e-03 8.88888910e-03
    8.88888910e-03 3.99999991e-02 1.51111111e-01 6.66666701e-02
    5.33333346e-02 3.55555564e-02 5.77777803e-01 4.88888919e-02
    4.44444455e-03 4.44444455e-03 3.99999991e-02 8.44444484e-02
    1.91111118e-01 8.44444484e-02 9.77777839e-02 7.99999982e-02
    3.64444464e-01 4.88888919e-02 1.68888897e-01 1.11111112e-01
    2.66666673e-02 1.33333340e-01 1.64444447e-01 7.55555555e-02
    6.22222237e-02 3.11111119e-02 1.77777782e-02 2.08888888e-01
    1.28888890e-01 1.42222226e-01 1.11111112e-01 4.88888919e-02
    1.42222226e-01 3.55555564e-02 5.77777773e-02 4.88888919e-02
    4.88888919e-02 2.35555559e-01</data></face-0>
