<?xml version="1.0"?>
<opencv_storage>
<radius>2</radius>
<neighbors>8</neighbors>
<grid_x>7</grid_x>
<grid_y>7</grid_y>
<num_faces>1</num_faces>
<face-0 type_id="opencv-matrix">
  <rows>49</rows>
  <cols>10</cols>
  <dt>f</dt>
  <data>
    6.79012388e-02 7.40740746e-02 1.11111112e-01 1.79012343e-01
    1.23456791e-01 8.33333358e-02 6.48148134e-02 4.32098769e-02
    8.64197537e-02 1.66666672e-01 4.01234552e-02 2.77777780e-02
    8.02469105e-02 1.88271612e-01 2.53086418e-01 1.38888896e-01
    6.17283955e-02 3.70370373e-02 7.40740746e-02 9.87654328e-02
    6.17283955e-03 6.17283955e-03 2.16049384e-02 4.93827164e-02
    2.22222224e-01 7.40740746e-02 2.77777780e-02 1.54320989e-02
    5.55555582e-01 2.16049384e-02 0. 0. 1.23456791e-02 4.01234552e-02
    1.11111112e-01 2.77777780e-02 1.54320989e-02 5.24691343e-02
    6.94444478e-01 4.62962985e-02 0. 0. 0. 2.16049384e-02 3.39506194e-02
    3.08641978e-02 6.17283955e-03 3.39506194e-02 8.24074090e-01
    4.93827164e-02 0. 0. 3.08641978e-03 1.54320989e-02 1.32716045e-01
    2.77777780e-02 3.08641978e-02 7.71604925e-02 6.60493851e-01
    5.24691343e-02 9.25925933e-03 5.24691343e-02 2.46913582e-02
    1.32716045e-01 2.77777791e-01 1.01851851e-01 2.16049384e-02
    4.32098769e-02 2.28395060e-01 1.08024694e-01 2.16049384e-02
    3.39506194e-02 5.86419776e-02 1.14197530e-01 2.71604955e-01
    1.17283955e-01 4.01234552e-02 2.46913582e-02 2.46913582e-01
    7.09876567e-02 9.25925933e-03 6.17283955e-03 2.46913582e-02
    4.93827164e-02 1.45061731e-01 8.64197537e-02 4.62962985e-02
    3.08641978e-02 5.74074090e-01 2.77777780e-02 2.16049384e-02
    2.46913582e-02 6.17283955e-02 1.41975313e-01 3.48765433e-01
    1.45061731e-01 9.25925970e-02 4.62962985e-02 6.17283955e-02
    5.55555560e-02 1.23456791e-02 3.08641978e-03 9.25925933e-03
    1.54320989e-02 1.17283955e-01 4.01234552e-02 9.25925933e-03
    3.08641978e-03 7.68518507e-01 2.16049384e-02 0. 0. 0. 0. 0. 0. 0. 0.
    1. 0. 0. 0. 0. 0. 0. 0. 0. 0. 1. 0. 0. 1.54320989e-02 2.46913582e-02
    1.66666672e-01 1.63580254e-01 5.55555560e-02 1.54320989e-02
    1.85185187e-02 5.09259284e-01 3.08641978e-02 0. 0. 0. 0. 0. 0. 0. 0.
    1. 0. 0. 0. 0. 9.25925933e-03 1.38888896e-01 2.46913582e-02
    3.08641978e-03 1.85185187e-02 8.02469134e-01 3.08641978e-03
    1.54320989e-02 3.08641978e-02 1.01851851e-01 1.38888896e-01
    3.45679015e-01 1.54320985e-01 8.64197537e-02 5.24691343e-02
    2.16049384e-02 5.24691343e-02 0. 1.23456791e-02 6.17283955e-03
    1.85185187e-02 2.46913582e-01 8.33333358e-02 1.54320989e-02
    9.25925933e-03 5.92592597e-01 1.54320989e-02 0. 0. 0. 0.
    1.23456791e-02 2.46913582e-02 0. 0. 9.62962985e-01 0. 0. 0. 0. 0.
    7.71604925e-02 1.23456791e-02 0. 9.25925933e-03 8.88888896e-01
    1.23456791e-02 3.08641978e-03 9.25925933e-03 2.46913582e-02
    1.60493821e-01 1.79012343e-01 7.09876567e-02 5.86419776e-02
    3.08641978e-02 4.16666657e-01 4.62962985e-02 0. 0. 0. 0. 0. 0. 0. 0.
    1. 0. 0. 0. 0. 0. 1.54320989e-02 0. 0. 0. 9.84567881e-01 0. 0. 0.
    1.23456791e-02 4.01234552e-02 2.12962970e-01 1.32716045e-01
    4.32098769e-02 3.08641978e-03 5.52469134e-01 3.08641978e-03 0. 0. 0.
    0. 0. 0. 3.08641978e-03 0. 9.96913612e-01 0. 0. 0. 1.54320989e-02
    1.20370373e-01 2.00617284e-01 1.38888896e-01 8.02469105e-02
    9.25925933e-03 4.22839522e-01 1.23456791e-02 6.17283955e-03
    9.25925933e-03 1.54320989e-02 9.87654328e-02 2.40740746e-01
    1.32716045e-01 4.62962985e-02 2.46913582e-02 4.01234567e-01
    2.46913582e-02 1.23456791e-02 2.46913582e-02 4.62962985e-02
    1.60493821e-01 3.42592597e-01 1.60493821e-01 8.02469105e-02
    3.08641978e-02 5.24691343e-02 8.95061716e-02 9.25925933e-03
    6.17283955e-03 1.85185187e-02 8.64197537e-02 2.40740746e-01
    7.40740746e-02 2.46913582e-02 3.08641978e-03 5.30864179e-01
    6.17283955e-03 0. 0. 0. 6.17283955e-03 1.88271612e-01 1.23456791e-02
    0. 3.08641978e-03 7.90123463e-01 0. 2.77777780e-02 5.86419776e-02
    6.17283955e-02 1.41975313e-01 2.74691373e-01 1.41975313e-01
    8.64197537e-02 6.48148134e-02 4.01234552e-02 1.01851851e-01 0.
    1.23456791e-02 1.54320989e-02 3.70370373e-02 1.94444448e-01
    2.16049384e-02 1.23456791e-02 1.23456791e-02 6.72839522e-01
    2.16049384e-02 0. 0. 6.17283955e-03 2.16049384e-02 9.56790149e-02
    1.04938269e-01 3.08641978e-02 1.85185187e-02 7.19135821e-01
    3.08641978e-03 0. 0. 0. 2.46913582e-02 2.22222224e-01 5.86419776e-02
    1.23456791e-02 9.25925933e-03 6.57407403e-01 1.54320989e-02
    1.85185187e-02 2.16049384e-02 1.01851851e-01 2.16049388e-01
    2.31481478e-01 1.26543209e-01 8.64197537e-02 5.24691343e-02
    6.17283955e-02 8.33333358e-02 6.48148134e-02 4.62962985e-02
    6.17283955e-02 2.46913582e-01 2.12962970e-01 8.33333358e-02
    6.17283955e-02 5.86419776e-02 3.70370373e-02 1.26543209e-01
    1.54320989e-02 3.08641978e-03 1.85185187e-02 7.40740746e-02
    3.33333343e-01 1.23456791e-01 2.46913582e-02 1.85185187e-02
    3.64197522e-01 2.46913582e-02 2.46913582e-02 6.17283955e-02
    8.02469105e-02 9.87654328e-02 3.48765433e-01 1.29629627e-01
    7.09876567e-02 8.95061716e-02 3.08641978e-02 6.48148134e-02
    1.54320989e-02 1.54320989e-02 9.25925933e-03 6.79012388e-02
    1.85185194e-01 9.25925970e-02 9.25925933e-03 3.08641978e-03
    5.61728418e-01 4.01234552e-02 0. 0. 0. 0. 0. 0. 0. 0. 1. 0. 0. 0.
    6.17283955e-03 3.70370373e-02 2.46913582e-02 2.77777780e-02 0. 0.
    9.04321015e-01 0. 1.85185187e-02 3.08641978e-02 7.71604925e-02
    3.51851851e-01 2.40740746e-01 1.23456791e-01 4.32098769e-02
    3.39506194e-02 2.77777780e-02 5.24691343e-02 3.39506194e-02
    5.86419776e-02 1.23456791e-01 2.00617284e-01 2.34567910e-01
    6.79012388e-02 4.32098769e-02 8.64197537e-02 4.93827164e-02
    1.01851851e-01 4.62962985e-02 1.04938269e-01 8.33333358e-02
    1.14197530e-01 2.22222224e-01 7.09876567e-02 4.93827164e-02
    6.17283955e-02 6.17283955e-02 1.85185194e-01 4.62962985e-02
    5.86419776e-02 9.25925970e-02 1.41975313e-01 2.74691373e-01
    1.63580254e-01 5.86419776e-02 4.01234552e-02 5.24691343e-02
    7.09876567e-02 0. 3.08641978e-03 3.08641978e-03 6.17283955e-02
    1.48148149e-01 4.62962985e-02 9.25925933e-03 4.01234552e-02
    6.48148179e-01 4.01234552e-02 0. 0. 1.54320989e-02 8.33333358e-02
    1.51234567e-01 8.64197537e-02 3.70370373e-02 5.55555560e-02
    5.15432119e-01 5.55555560e-02 6.17283955e-02 6.48148134e-02
    4.01234552e-02 1.75925925e-01 1.69753090e-01 7.71604925e-02
    5.24691343e-02 7.40740746e-02 1.69753090e-01 1.14197530e-01
    8.95061716e-02 9.87654328e-02 6.17283955e-02 9.56790149e-02
    2.68518507e-01 1.14197530e-01 5.24691343e-02 5.24691343e-02
    3.08641978e-02 1.35802478e-01</data></face-0>
