<?xml version="1.0"?>
<opencv_storage>
<radius>2</radius>
<neighbors>8</neighbors>
<grid_x>7</grid_x>
<grid_y>7</grid_y>
<num_faces>1</num_faces>
<face-0 type_id="opencv-matrix">
  <rows>49</rows>
  <cols>10</cols>
  <dt>f</dt>
  <data>
    9.77777839e-02 1.24444447e-01 1.24444447e-01 1.51111111e-01
    7.99999982e-02 4.44444455e-02 3.55555564e-02 7.99999982e-02
    7.55555555e-02 1.86666667e-01 1.77777782e-02 3.99999991e-02
    2.22222228e-02 1.28888890e-01 3.42222244e-01 5.77777773e-02
    4.88888919e-02 4.44444455e-02 2.31111109e-01 6.66666701e-02
    4.44444455e-03 4.44444455e-03 0. 2.66666673e-02 2.44444445e-01
    3.11111119e-02 4.88888919e-02 3.55555564e-02 5.73333323e-01
    3.11111119e-02 0. 0. 0. 2.66666673e-02 8.88888910e-02 1.77777782e-02
    8.88888910e-03 6.66666701e-02 7.73333371e-01 1.77777782e-02 0. 0. 0.
    1.77777782e-02 1.11111112e-01 0. 0. 3.11111119e-02 7.73333371e-01
    6.66666701e-02 0. 0. 0. 0. 7.99999982e-02 2.22222228e-02
    2.22222228e-02 5.33333346e-02 8.04444492e-01 1.77777782e-02 0. 0. 0.
    4.44444455e-03 6.22222237e-02 1.33333337e-02 2.66666673e-02
    5.33333346e-02 8.17777812e-01 2.22222228e-02 5.33333346e-02
    1.77777782e-02 7.55555555e-02 1.02222227e-01 2.48888895e-01
    1.51111111e-01 7.55555555e-02 3.11111119e-02 1.33333340e-01
    1.11111112e-01 0. 0. 0. 1.33333337e-02 8.88888910e-02 3.11111119e-02
    0. 0. 8.62222254e-01 4.44444455e-03 3.99999991e-02 8.88888910e-02
    4.88888919e-02 4.88888919e-02 3.55555564e-01 3.55555564e-02
    3.55555564e-02 1.20000005e-01 1.15555555e-01 1.11111112e-01 0.
    1.33333337e-02 0. 2.66666673e-02 5.77777773e-02 4.44444455e-02
    4.88888919e-02 1.33333337e-02 7.73333371e-01 2.22222228e-02 0. 0. 0.
    0. 0. 0. 0. 0. 1. 0. 0. 0. 0. 0. 0. 0. 0. 0. 1. 0. 0. 0.
    4.44444455e-03 2.22222228e-02 1.77777782e-02 8.88888910e-03 0. 0.
    9.33333337e-01 1.33333337e-02 0. 2.66666673e-02 5.77777773e-02
    6.66666701e-02 1.51111111e-01 1.02222227e-01 5.77777773e-02
    3.99999991e-02 4.84444469e-01 1.33333337e-02 0. 0. 0. 2.66666673e-02
    6.66666701e-02 2.22222228e-02 0. 0. 8.84444475e-01 0. 1.77777782e-02
    4.88888919e-02 3.99999991e-02 6.66666701e-02 3.86666685e-01
    1.46666676e-01 6.66666701e-02 9.33333337e-02 4.88888919e-02
    8.44444484e-02 1.33333337e-02 8.88888910e-03 1.77777782e-02
    3.55555564e-02 1.55555561e-01 1.55555561e-01 1.77777782e-02
    4.44444455e-03 5.64444482e-01 2.66666673e-02 0. 0. 0. 0.
    4.44444455e-03 1.33333337e-02 0. 0. 9.82222259e-01 0. 0. 0. 0. 0.
    4.44444455e-03 8.88888910e-03 4.44444455e-03 8.88888910e-03
    9.73333359e-01 0. 0. 0. 1.77777782e-02 5.33333346e-02 2.31111109e-01
    8.44444484e-02 7.11111128e-02 4.88888919e-02 4.39999998e-01
    5.33333346e-02 0. 0. 0. 4.44444455e-03 1.33333337e-02 4.88888919e-02
    1.33333337e-02 0. 9.20000017e-01 0. 0. 0. 0. 0. 0. 0. 0. 0. 1. 0. 0.
    0. 0. 3.11111119e-02 1.91111118e-01 1.15555555e-01 1.77777782e-02
    1.33333337e-02 6.31111145e-01 0. 0. 0. 0. 0. 8.88888910e-03 0. 0. 0.
    9.91111159e-01 0. 0. 0. 4.44444455e-03 3.11111119e-02 1.59999996e-01
    5.33333346e-02 5.33333346e-02 2.66666673e-02 6.48888886e-01
    2.22222228e-02 0. 0. 4.44444455e-03 9.33333337e-02 1.64444447e-01
    8.88888910e-02 5.77777773e-02 8.88888910e-03 5.64444482e-01
    1.77777782e-02 0. 4.44444455e-03 8.88888910e-03 5.77777773e-02
    2.44444445e-01 3.99999991e-02 4.88888919e-02 5.77777773e-02
    4.35555577e-01 1.02222227e-01 0. 0. 0. 0. 0. 0. 0. 0. 1. 0. 0. 0. 0.
    8.88888910e-03 9.33333337e-02 3.11111119e-02 0. 0. 8.66666675e-01 0.
    2.22222228e-02 6.66666701e-02 6.66666701e-02 9.33333337e-02
    2.88888901e-01 1.33333340e-01 4.88888919e-02 8.44444484e-02
    8.44444484e-02 1.11111112e-01 8.88888910e-03 1.33333337e-02
    4.44444455e-03 3.99999991e-02 1.20000005e-01 7.11111128e-02
    2.66666673e-02 8.88888910e-03 6.84444487e-01 2.22222228e-02 0. 0. 0.
    0. 8.44444484e-02 1.02222227e-01 3.55555564e-02 3.11111119e-02
    7.46666670e-01 0. 0. 4.44444455e-03 2.66666673e-02 6.22222237e-02
    1.82222232e-01 9.77777839e-02 3.99999991e-02 2.66666673e-02
    5.15555561e-01 4.44444455e-02 4.44444455e-03 4.44444455e-03 0.
    4.44444455e-02 3.06666672e-01 9.33333337e-02 6.66666701e-02
    8.44444484e-02 3.28888893e-01 6.66666701e-02 0. 0. 0. 0.
    1.24444447e-01 0. 0. 0. 8.75555575e-01 0. 0. 0. 0. 3.11111119e-02
    1.33333340e-01 3.11111119e-02 0. 0. 8.04444492e-01 0. 5.33333346e-02
    1.02222227e-01 7.55555555e-02 7.99999982e-02 2.13333338e-01
    5.77777773e-02 7.55555555e-02 1.20000005e-01 7.11111128e-02
    1.51111111e-01 1.77777782e-02 2.66666673e-02 2.66666673e-02
    2.66666673e-02 2.35555559e-01 1.02222227e-01 3.55555564e-02
    2.66666673e-02 4.57777798e-01 4.44444455e-02 0. 0. 0. 0. 0. 0. 0. 0.
    1. 0. 0. 0. 0. 0. 9.33333337e-02 8.88888910e-03 0. 0. 8.97777796e-01
    0. 4.44444455e-03 8.88888910e-03 5.77777773e-02 1.86666667e-01
    2.35555559e-01 1.55555561e-01 7.99999982e-02 3.11111119e-02
    2.00000003e-01 3.99999991e-02 5.77777773e-02 8.44444484e-02
    9.77777839e-02 1.33333340e-01 2.48888895e-01 7.99999982e-02
    2.66666673e-02 3.99999991e-02 7.99999982e-02 1.51111111e-01
    2.22222228e-02 1.77777782e-02 1.77777782e-02 6.22222237e-02
    2.44444445e-01 9.77777839e-02 2.22222228e-02 1.33333337e-02
    4.62222219e-01 3.99999991e-02 1.33333337e-02 8.88888910e-03
    2.66666673e-02 8.88888910e-02 2.17777789e-01 1.95555568e-01
    7.11111128e-02 1.77777782e-02 3.37777793e-01 2.22222228e-02 0. 0. 0.
    8.88888910e-03 4.44444455e-03 0. 0. 0. 9.86666679e-01 0. 0. 0. 0. 0.
    0. 0. 0. 0. 1. 0. 4.44444455e-03 4.44444455e-03 0. 3.55555564e-02
    8.44444484e-02 3.99999991e-02 1.77777782e-02 2.22222228e-02
    7.55555570e-01 3.55555564e-02 1.77777782e-02 2.66666673e-02
    7.99999982e-02 2.48888895e-01 1.91111118e-01 1.42222226e-01
    6.66666701e-02 3.99999991e-02 1.33333340e-01 5.33333346e-02</data></face-0>
