<?xml version="1.0"?>
<opencv_storage>
<radius>2</radius>
<neighbors>8</neighbors>
<grid_x>7</grid_x>
<grid_y>7</grid_y>
<num_faces>1</num_faces>
<face-0 type_id="opencv-matrix">
  <rows>49</rows>
  <cols>10</cols>
  <dt>f</dt>
  <data>
    7.99999982e-02 8.44444484e-02 1.59999996e-01 1.11111112e-01
    7.99999982e-02 6.66666701e-02 7.55555555e-02 5.33333346e-02
    7.99999982e-02 2.08888888e-01 4.44444455e-03 1.33333337e-02
    5.77777773e-02 1.46666676e-01 3.24444443e-01 7.99999982e-02
    3.11111119e-02 3.99999991e-02 2.13333338e-01 8.88888910e-02 0. 0. 0.
    4.44444455e-02 2.17777789e-01 5.77777773e-02 4.88888919e-02
    4.88888919e-02 5.51111102e-01 3.11111119e-02 0. 0. 0. 3.11111119e-02
    1.15555555e-01 2.22222228e-02 0. 1.77777782e-02 7.91111112e-01
    2.22222228e-02 0. 0. 0. 1.33333337e-02 7.11111128e-02 8.88888910e-03
    4.44444455e-03 3.55555564e-02 8.04444492e-01 6.22222237e-02 0. 0. 0.
    0. 1.11111112e-01 1.77777782e-02 2.22222228e-02 5.33333346e-02
    7.59999990e-01 3.55555564e-02 0. 0. 4.44444455e-03 2.22222228e-02
    4.44444455e-02 1.33333337e-02 3.55555564e-02 2.66666673e-02
    8.31111133e-01 2.22222228e-02 3.99999991e-02 3.55555564e-02
    6.66666701e-02 1.42222226e-01 2.71111131e-01 1.28888890e-01
    3.99999991e-02 5.33333346e-02 1.06666669e-01 1.15555555e-01 0. 0. 0.
    8.88888910e-03 7.11111128e-02 2.22222228e-02 1.33333337e-02 0.
    8.79999995e-01 4.44444455e-03 4.88888919e-02 4.88888919e-02
    5.77777773e-02 4.44444455e-02 3.73333335e-01 3.55555564e-02
    6.66666701e-02 7.55555555e-02 1.11111112e-01 1.37777776e-01 0. 0.
    1.33333337e-02 2.22222228e-02 6.66666701e-02 7.55555555e-02
    3.99999991e-02 2.22222228e-02 7.33333349e-01 2.66666673e-02 0. 0. 0.
    0. 0. 0. 0. 0. 1. 0. 0. 0. 0. 0. 0. 0. 0. 0. 1. 0. 0. 0.
    8.88888910e-03 4.44444455e-02 2.66666673e-02 2.66666673e-02
    1.77777782e-02 1.77777782e-02 8.35555553e-01 2.22222228e-02 0.
    3.99999991e-02 3.99999991e-02 1.06666669e-01 1.28888890e-01
    1.02222227e-01 9.33333337e-02 2.66666673e-02 4.39999998e-01
    2.22222228e-02 0. 0. 0. 8.88888910e-03 3.55555564e-02 1.33333337e-02
    0. 0. 9.42222238e-01 0. 2.66666673e-02 2.22222228e-02 2.66666673e-02
    8.44444484e-02 4.04444456e-01 1.64444447e-01 6.22222237e-02
    1.06666669e-01 2.22222228e-02 7.99999982e-02 8.88888910e-03
    1.33333337e-02 1.33333337e-02 6.66666701e-02 1.59999996e-01
    1.51111111e-01 3.99999991e-02 8.88888910e-03 5.20000041e-01
    1.77777782e-02 0. 0. 0. 0. 0. 1.33333337e-02 0. 0. 9.86666679e-01 0.
    0. 0. 0. 0. 0. 0. 0. 8.88888910e-03 9.91111159e-01 0. 0. 0. 0.
    7.99999982e-02 2.93333352e-01 1.02222227e-01 5.33333346e-02
    5.77777773e-02 3.77777785e-01 3.55555564e-02 0. 0. 0. 1.33333337e-02
    1.33333337e-02 3.99999991e-02 1.77777782e-02 0. 9.15555596e-01 0. 0.
    0. 0. 0. 0. 0. 0. 0. 1. 0. 0. 0. 4.44444455e-03 1.33333337e-02
    1.91111118e-01 1.24444447e-01 1.33333337e-02 4.44444455e-03
    6.48888886e-01 0. 0. 0. 0. 4.44444455e-03 8.88888910e-03
    8.88888910e-03 0. 0. 9.77777779e-01 0. 0. 0. 1.33333337e-02
    5.33333346e-02 1.42222226e-01 4.88888919e-02 3.99999991e-02
    2.22222228e-02 6.66666687e-01 1.33333337e-02 0. 0. 2.22222228e-02
    6.66666701e-02 1.77777782e-01 7.99999982e-02 6.22222237e-02
    2.66666673e-02 4.97777790e-01 6.66666701e-02 1.77777782e-02
    2.22222228e-02 1.77777782e-02 5.77777773e-02 2.71111131e-01
    6.66666701e-02 2.66666673e-02 3.99999991e-02 4.17777777e-01
    6.22222237e-02 0. 0. 0. 0. 0. 0. 0. 0. 1. 0. 0. 0. 0. 4.44444455e-03
    7.99999982e-02 2.22222228e-02 0. 0. 8.93333375e-01 0. 2.22222228e-02
    4.44444455e-02 4.44444455e-02 7.55555555e-02 3.28888893e-01
    1.64444447e-01 5.77777773e-02 8.44444484e-02 6.22222237e-02
    1.15555555e-01 1.33333337e-02 2.22222228e-02 1.33333337e-02
    3.55555564e-02 8.88888910e-02 6.66666701e-02 3.99999991e-02
    1.77777782e-02 6.66666687e-01 3.55555564e-02 0. 0. 0. 4.44444455e-03
    7.55555555e-02 7.99999982e-02 5.77777773e-02 2.22222228e-02
    7.59999990e-01 0. 0. 0. 1.33333337e-02 6.22222237e-02 1.77777782e-01
    5.77777773e-02 5.33333346e-02 3.11111119e-02 5.82222223e-01
    2.22222228e-02 0. 1.77777782e-02 4.44444455e-02 1.06666669e-01
    3.19999993e-01 9.33333337e-02 8.88888910e-02 4.88888919e-02
    2.31111109e-01 4.88888919e-02 0. 0. 0. 0. 1.46666676e-01 0. 0. 0.
    8.53333354e-01 0. 0. 0. 0. 1.33333337e-02 1.28888890e-01
    2.66666673e-02 0. 0. 8.31111133e-01 0. 7.55555555e-02 8.44444484e-02
    8.44444484e-02 6.66666701e-02 2.00000003e-01 6.22222237e-02
    6.66666701e-02 1.64444447e-01 5.33333346e-02 1.42222226e-01
    2.66666673e-02 1.33333337e-02 3.11111119e-02 5.33333346e-02
    1.82222232e-01 1.33333340e-01 3.11111119e-02 3.11111119e-02
    4.39999998e-01 5.77777773e-02 0. 0. 0. 0. 0. 0. 0. 0. 1. 0. 0. 0. 0.
    1.33333337e-02 4.44444455e-02 1.33333337e-02 4.44444455e-03 0.
    9.24444437e-01 0. 4.44444455e-03 8.88888910e-03 7.11111128e-02
    2.66666681e-01 2.80000001e-01 1.59999996e-01 7.99999982e-02
    2.22222228e-02 5.77777773e-02 4.88888919e-02 8.88888910e-02
    1.02222227e-01 5.33333346e-02 1.06666669e-01 2.44444445e-01
    3.99999991e-02 4.88888919e-02 3.11111119e-02 4.88888919e-02
    2.35555559e-01 3.55555564e-02 3.11111119e-02 2.22222228e-02
    5.77777773e-02 2.13333338e-01 1.02222227e-01 8.88888910e-03
    3.99999991e-02 4.31111127e-01 5.77777773e-02 4.44444455e-03
    4.44444455e-03 3.55555564e-02 8.44444484e-02 2.00000003e-01
    2.04444453e-01 5.33333346e-02 2.22222228e-02 3.64444464e-01
    2.66666673e-02 0. 0. 0. 1.33333337e-02 1.77777782e-02 0. 0. 0.
    9.68888938e-01 0. 0. 0. 0. 0. 0. 0. 0. 0. 1. 0. 8.88888910e-03
    4.44444455e-03 4.44444455e-03 3.11111119e-02 8.44444484e-02
    6.22222237e-02 2.66666673e-02 4.44444455e-03 7.46666670e-01
    2.66666673e-02 4.44444455e-02 5.77777773e-02 7.99999982e-02
    2.44444445e-01 1.51111111e-01 1.15555555e-01 6.66666701e-02
    4.88888919e-02 7.99999982e-02 1.11111112e-01</data></face-0>
