<?xml version="1.0"?>
<opencv_storage>
<radius>2</radius>
<neighbors>8</neighbors>
<grid_x>7</grid_x>
<grid_y>7</grid_y>
<num_faces>1</num_faces>
<face-0 type_id="opencv-matrix">
  <rows>49</rows>
  <cols>10</cols>
  <dt>f</dt>
  <data>
    1.60997733e-01 1.08843535e-01 3.62811796e-02 7.48299360e-02
    1.88208625e-01 4.76190485e-02 2.26757377e-02 7.48299360e-02
    4.76190485e-02 2.38095239e-01 1.58730164e-01 1.11111112e-01
    6.34920672e-02 6.12244904e-02 2.17687070e-01 2.94784587e-02
    2.49433108e-02 5.21541946e-02 5.21541946e-02 2.29024947e-01
    1.70068026e-01 8.61678049e-02 4.98866215e-02 6.34920672e-02
    2.04081640e-01 1.58730168e-02 2.04081628e-02 4.76190485e-02
    6.80272132e-02 2.74376422e-01 1.22448981e-01 1.11111112e-01
    5.44217676e-02 8.84353742e-02 1.83673471e-01 4.08163257e-02
    5.66893443e-02 7.02947825e-02 5.66893443e-02 2.15419501e-01
    1.49659872e-01 1.67800456e-01 5.66893443e-02 6.34920672e-02
    1.58730164e-01 5.66893443e-02 8.16326514e-02 8.16326514e-02
    3.62811796e-02 1.47392288e-01 1.67800456e-01 2.04081640e-01
    6.57596365e-02 5.66893443e-02 3.62811796e-02 2.94784587e-02
    3.85487527e-02 6.57596365e-02 7.02947825e-02 2.65306115e-01
    2.53968269e-01 1.65532887e-01 2.94784587e-02 4.98866215e-02
    1.36054419e-02 1.13378689e-02 5.89569174e-02 6.57596365e-02
    6.57596365e-02 2.85714298e-01 7.25623593e-02 8.16326514e-02
    1.02040820e-01 2.87981868e-01 2.49433115e-01 9.29705203e-02
    2.26757377e-02 1.36054419e-02 1.13378689e-02 6.57596365e-02
    1.81405898e-02 1.36054419e-02 6.34920672e-02 2.72108853e-01
    4.60317463e-01 9.29705203e-02 1.81405898e-02 1.81405898e-02
    4.53514745e-03 3.85487527e-02 2.26757377e-02 2.26757377e-02
    5.21541946e-02 1.56462580e-01 3.71882081e-01 1.13378689e-01
    4.30839024e-02 4.30839024e-02 9.29705203e-02 8.16326514e-02
    1.58730168e-02 1.58730168e-02 4.98866215e-02 1.04308389e-01
    1.97278917e-01 1.04308389e-01 6.57596365e-02 7.48299360e-02
    2.78911561e-01 9.29705203e-02 1.81405898e-02 3.62811796e-02
    8.39002281e-02 1.47392288e-01 2.78911561e-01 1.20181404e-01
    4.08163257e-02 3.62811796e-02 1.60997733e-01 7.70975053e-02
    6.80272132e-02 7.70975053e-02 6.57596365e-02 1.20181404e-01
    2.65306115e-01 7.70975053e-02 7.48299360e-02 6.12244904e-02
    5.21541946e-02 1.38321996e-01 1.65532887e-01 1.06575966e-01
    3.17460336e-02 7.02947825e-02 2.22222224e-01 1.81405898e-02
    3.17460336e-02 6.34920672e-02 3.40136066e-02 2.56235838e-01
    1.58730168e-02 3.17460336e-02 1.11111112e-01 2.60770977e-01
    3.24263036e-01 1.45124719e-01 3.62811796e-02 2.04081628e-02
    1.13378689e-02 4.30839024e-02 2.26757373e-03 9.07029491e-03
    2.04081628e-02 8.39002281e-02 2.53968269e-01 7.25623593e-02
    1.13378689e-02 4.53514745e-03 5.32879829e-01 9.07029491e-03
    1.58730168e-02 2.49433108e-02 2.04081628e-02 8.39002281e-02
    2.69841284e-01 1.04308389e-01 5.66893443e-02 5.44217676e-02
    2.65306115e-01 1.04308389e-01 3.40136066e-02 2.04081628e-02
    6.34920672e-02 1.81405902e-01 2.13151932e-01 1.49659872e-01
    4.98866215e-02 5.44217676e-02 1.17913835e-01 1.15646258e-01
    8.84353742e-02 6.57596365e-02 6.80272132e-02 1.60997733e-01
    2.08616778e-01 5.66893443e-02 5.21541946e-02 4.30839024e-02
    1.20181404e-01 1.36054426e-01 3.17460336e-02 4.98866215e-02
    9.97732431e-02 2.33560100e-01 3.56009066e-01 1.45124719e-01
    4.53514755e-02 4.53514745e-03 0. 3.40136066e-02 3.85487527e-02
    8.16326514e-02 9.75056738e-02 1.92743763e-01 2.99319744e-01
    1.26984134e-01 4.76190485e-02 2.94784587e-02 9.07029491e-03
    7.70975053e-02 3.17460336e-02 3.85487527e-02 8.84353742e-02
    1.99546486e-01 4.14965987e-01 1.24716558e-01 2.26757377e-02
    2.04081628e-02 6.80272095e-03 5.21541946e-02 3.40136066e-02
    6.12244904e-02 9.75056738e-02 1.65532887e-01 1.58730164e-01
    1.24716558e-01 4.53514755e-02 2.94784587e-02 1.90476194e-01
    9.29705203e-02 1.36054419e-02 1.13378689e-02 5.44217676e-02
    1.70068026e-01 3.26530606e-01 1.33786857e-01 4.76190485e-02
    3.85487527e-02 1.54195011e-01 4.98866215e-02 4.53514745e-03
    6.80272095e-03 1.36054419e-02 4.30839024e-02 1.29251704e-01
    6.57596365e-02 2.26757377e-02 4.30839024e-02 6.21315181e-01
    4.98866215e-02 4.53514745e-03 0. 6.80272095e-03 6.80272132e-02
    2.19954655e-01 6.80272132e-02 9.07029491e-03 4.08163257e-02
    5.55555582e-01 2.72108838e-02 2.94784587e-02 4.98866215e-02
    7.48299360e-02 2.22222224e-01 3.60544235e-01 9.52380970e-02
    5.66893443e-02 2.26757377e-02 2.04081628e-02 6.80272132e-02
    3.85487527e-02 6.80272132e-02 9.07029510e-02 2.44897962e-01
    3.26530606e-01 9.29705203e-02 2.26757377e-02 1.81405898e-02
    2.26757377e-02 7.48299360e-02 1.81405898e-02 1.81405898e-02
    8.39002281e-02 3.08390021e-01 3.37868482e-01 1.24716558e-01
    3.62811796e-02 9.07029491e-03 1.58730168e-02 4.76190485e-02
    1.13378689e-02 1.36054419e-02 4.53514755e-02 1.76870748e-01
    3.69614512e-01 1.72335610e-01 2.04081628e-02 1.13378689e-02
    1.45124719e-01 3.40136066e-02 1.13378689e-02 1.81405898e-02
    3.40136066e-02 9.07029510e-02 2.17687070e-01 9.97732431e-02
    4.53514755e-02 9.07029510e-02 2.65306115e-01 1.26984134e-01
    2.26757373e-03 0. 4.53514745e-03 1.02040820e-01 2.99319744e-01
    8.61678049e-02 4.98866215e-02 4.76190485e-02 3.51473927e-01
    5.66893443e-02 1.13378689e-02 1.13378689e-02 4.53514745e-03
    9.75056738e-02 2.74376422e-01 7.70975053e-02 1.81405898e-02
    4.30839024e-02 4.05895710e-01 5.66893443e-02 3.62811796e-02
    6.57596365e-02 9.97732431e-02 2.38095239e-01 2.67573714e-01
    9.75056738e-02 5.89569174e-02 3.62811796e-02 3.17460336e-02
    6.80272132e-02 1.36054419e-02 7.25623593e-02 8.39002281e-02
    2.22222224e-01 3.51473927e-01 8.61678049e-02 4.08163257e-02
    2.72108838e-02 1.13378689e-02 9.07029510e-02 2.26757377e-02
    4.98866215e-02 1.65532887e-01 2.42630392e-01 2.49433115e-01
    1.38321996e-01 5.21541946e-02 2.26757377e-02 1.81405898e-02
    3.85487527e-02 2.49433108e-02 4.08163257e-02 9.07029510e-02
    2.35827670e-01 3.46938789e-01 1.40589565e-01 4.98866215e-02
    9.07029491e-03 1.13378689e-02 4.98866215e-02 1.36054419e-02
    3.17460336e-02 7.70975053e-02 1.31519273e-01 1.65532887e-01
    7.25623593e-02 5.66893443e-02 7.93650821e-02 1.99546486e-01
    1.72335610e-01 3.85487527e-02 6.57596365e-02 3.40136066e-02
    1.13378689e-01 3.10657591e-01 1.38321996e-01 6.12244904e-02
    4.98866215e-02 7.93650821e-02 1.08843535e-01 2.94784587e-02
    6.12244904e-02 7.48299360e-02 2.08616778e-01 2.40362808e-01
    9.52380970e-02 4.98866215e-02 4.98866215e-02 9.75056738e-02
    9.29705203e-02 1.58730168e-02 3.40136066e-02 8.39002281e-02
    2.97052145e-01 3.67346942e-01 9.97732431e-02 2.49433108e-02
    9.07029491e-03 1.58730168e-02 5.21541946e-02 6.12244904e-02
    6.80272132e-02 9.52380970e-02 2.58503407e-01 2.69841284e-01
    1.26984134e-01 4.08163257e-02 1.58730168e-02 4.53514745e-03
    5.89569174e-02 1.17913835e-01 7.02947825e-02 1.24716558e-01
    2.51700670e-01 1.88208625e-01 7.93650821e-02 5.44217676e-02
    2.72108838e-02 6.80272095e-03 7.93650821e-02 4.98866215e-02
    5.44217676e-02 9.97732431e-02 2.04081640e-01 4.26303864e-01
    8.84353742e-02 2.26757377e-02 2.26757373e-03 4.53514745e-03
    4.76190485e-02 4.08163257e-02 2.49433108e-02 4.53514755e-02
    1.08843535e-01 3.96825403e-01 8.84353742e-02 5.44217676e-02
    2.49433108e-02 1.22448981e-01 9.29705203e-02 5.44217676e-02
    5.44217676e-02 8.39002281e-02 1.51927441e-01 2.35827670e-01
    1.22448981e-01 7.70975053e-02 4.98866215e-02 8.16326514e-02
    8.84353742e-02 5.21541946e-02 7.02947825e-02 1.17913835e-01
    2.17687070e-01 2.38095239e-01 1.26984134e-01 4.30839024e-02
    3.17460336e-02 9.07029491e-03 9.29705203e-02 9.29705203e-02
    9.29705203e-02 1.11111112e-01 1.97278917e-01 1.65532887e-01
    8.39002281e-02 3.40136066e-02 3.62811796e-02 2.04081628e-02
    1.65532887e-01 5.21541946e-02 6.57596365e-02 9.75056738e-02
    2.35827670e-01 3.12925160e-01 7.02947825e-02 3.17460336e-02
