<?xml version="1.0"?>
<opencv_storage>
<radius>2</radius>
<neighbors>8</neighbors>
<grid_x>7</grid_x>
<grid_y>7</grid_y>
<num_faces>1</num_faces>
<face-0 type_id="opencv-matrix">
  <rows>49</rows>
  <cols>10</cols>
  <dt>f</dt>
  <data>
    1.59999996e-01 1.29999995e-01 4.99999970e-02 8.99999961e-02
    4.99999970e-02 7.99999982e-02 5.99999987e-02 2.99999993e-02
    7.99999982e-02 2.69999981e-01 1.59999996e-01 1.70000002e-01
    1.19999997e-01 2.29999989e-01 1.49999991e-01 4.99999970e-02
    9.99999978e-03 9.99999978e-03 0. 9.99999940e-02 2.50000000e-01
    9.99999940e-02 1.09999999e-01 8.99999961e-02 1.49999991e-01
    5.99999987e-02 2.99999993e-02 3.99999991e-02 1.99999996e-02
    1.49999991e-01 2.19999999e-01 1.29999995e-01 7.99999982e-02
    1.40000001e-01 9.99999978e-03 7.99999982e-02 3.99999991e-02
    3.99999991e-02 1.99999996e-02 2.39999995e-01 1.09999999e-01
    7.00000003e-02 9.99999978e-03 8.99999961e-02 1.79999992e-01
    9.99999978e-03 9.99999978e-03 9.99999940e-02 1.40000001e-01
    2.80000001e-01 9.99999978e-03 4.99999970e-02 5.99999987e-02
    1.59999996e-01 3.79999995e-01 7.00000003e-02 2.99999993e-02
    7.00000003e-02 4.99999970e-02 1.19999997e-01 2.99999993e-02
    7.99999982e-02 4.99999970e-02 7.00000003e-02 3.59999985e-01
    1.89999998e-01 9.99999940e-02 1.99999996e-02 3.99999991e-02
    5.99999987e-02 2.99999993e-02 3.99999991e-02 3.99999991e-02
    2.19999999e-01 5.19999981e-01 9.99999978e-03 3.99999991e-02
    3.99999991e-02 9.99999978e-03 4.99999970e-02 0. 0. 4.99999970e-02
    2.29999989e-01 5.69999993e-01 1.40000001e-01 9.99999978e-03 0. 0. 0.
    1.99999996e-02 1.99999996e-02 3.99999991e-02 1.99999988e-01
    4.79999989e-01 1.59999996e-01 2.99999993e-02 0. 0. 4.99999970e-02
    3.99999991e-02 8.99999961e-02 1.99999996e-02 2.29999989e-01
    2.80000001e-01 1.40000001e-01 2.99999993e-02 3.99999991e-02
    2.99999993e-02 9.99999940e-02 0. 0. 9.99999978e-03 5.99999987e-02
    2.59999990e-01 1.40000001e-01 9.99999978e-03 2.99999993e-02
    4.69999999e-01 1.99999996e-02 0. 0. 1.99999996e-02 3.99999991e-02
    2.59999990e-01 1.19999997e-01 8.99999961e-02 4.99999970e-02
    3.70000005e-01 4.99999970e-02 9.99999978e-03 2.99999993e-02
    1.99999996e-02 1.29999995e-01 2.69999981e-01 5.99999987e-02
    7.00000003e-02 5.99999987e-02 2.19999999e-01 1.29999995e-01
    8.99999961e-02 1.40000001e-01 7.00000003e-02 1.40000001e-01
    2.39999995e-01 5.99999987e-02 7.99999982e-02 8.99999961e-02
    9.99999978e-03 7.99999982e-02 1.99999996e-02 1.99999996e-02
    9.99999978e-03 3.19999993e-01 4.09999996e-01 1.79999992e-01
    1.99999996e-02 0. 0. 1.99999996e-02 3.99999991e-02 5.99999987e-02
    1.49999991e-01 2.09999993e-01 3.99999976e-01 4.99999970e-02
    1.99999996e-02 1.99999996e-02 9.99999978e-03 3.99999991e-02
    1.99999996e-02 0. 1.99999996e-02 3.99999991e-02 2.29999989e-01
    4.99999970e-02 1.99999996e-02 9.99999940e-02 3.79999995e-01
    1.40000001e-01 0. 9.99999978e-03 7.00000003e-02 1.09999999e-01
    1.79999992e-01 1.49999991e-01 9.99999940e-02 7.99999982e-02
    1.70000002e-01 1.29999995e-01 4.99999970e-02 1.99999996e-02
    5.99999987e-02 1.99999988e-01 1.29999995e-01 5.99999987e-02
    7.99999982e-02 8.99999961e-02 1.59999996e-01 1.49999991e-01
    9.99999978e-03 3.99999991e-02 1.99999996e-02 5.99999987e-02
    2.59999990e-01 7.99999982e-02 3.99999991e-02 7.99999982e-02
    3.10000002e-01 9.99999940e-02 9.99999978e-03 2.99999993e-02
    1.09999999e-01 1.29999995e-01 2.99999982e-01 1.09999999e-01
    9.99999940e-02 2.99999993e-02 1.29999995e-01 4.99999970e-02
    7.00000003e-02 3.99999991e-02 1.99999996e-02 1.99999988e-01
    2.80000001e-01 1.29999995e-01 9.99999978e-03 0. 1.99999988e-01
    4.99999970e-02 2.99999993e-02 7.00000003e-02 3.99999991e-02
    1.29999995e-01 4.89999980e-01 4.99999970e-02 1.99999996e-02
    3.99999991e-02 3.99999991e-02 8.99999961e-02 1.99999996e-02
    2.99999993e-02 0. 2.99999993e-02 7.00000003e-02 3.99999991e-02
    9.99999978e-03 1.09999999e-01 4.49999988e-01 2.39999995e-01
    1.99999996e-02 9.99999978e-03 3.99999991e-02 9.99999940e-02
    8.99999961e-02 9.99999940e-02 9.99999940e-02 7.00000003e-02
    3.40000004e-01 1.29999995e-01 9.99999978e-03 9.99999978e-03
    4.99999970e-02 2.09999993e-01 2.19999999e-01 7.00000003e-02
    3.99999991e-02 3.99999991e-02 1.89999998e-01 1.59999996e-01
    1.29999995e-01 1.09999999e-01 5.99999987e-02 1.40000001e-01
    1.49999991e-01 1.19999997e-01 4.99999970e-02 7.00000003e-02
    2.99999993e-02 1.40000001e-01 0. 9.99999978e-03 4.99999970e-02
    9.99999940e-02 1.59999996e-01 1.29999995e-01 4.99999970e-02
    1.99999996e-02 4.39999998e-01 3.99999991e-02 0. 9.99999978e-03
    2.99999993e-02 5.99999987e-02 1.49999991e-01 7.00000003e-02
    2.99999993e-02 0. 6.39999986e-01 9.99999978e-03 4.99999970e-02
    2.99999993e-02 2.99999993e-02 1.49999991e-01 3.10000002e-01
    1.70000002e-01 1.99999996e-02 2.99999993e-02 5.99999987e-02
    1.49999991e-01 0. 4.99999970e-02 1.99999996e-02 7.99999982e-02
    1.09999999e-01 3.99999991e-02 9.99999978e-03 1.49999991e-01
    3.29999983e-01 2.09999993e-01 1.99999996e-02 7.99999982e-02
    7.00000003e-02 1.29999995e-01 8.99999961e-02 7.00000003e-02
    7.99999982e-02 1.19999997e-01 1.40000001e-01 1.99999988e-01
    3.99999991e-02 5.99999987e-02 1.99999996e-02 1.29999995e-01
    1.89999998e-01 1.49999991e-01 4.99999970e-02 7.00000003e-02
    1.19999997e-01 1.70000002e-01 9.99999978e-03 4.99999970e-02
    7.00000003e-02 8.99999961e-02 3.70000005e-01 1.59999996e-01
    3.99999991e-02 9.99999978e-03 7.00000003e-02 1.29999995e-01
    1.99999996e-02 4.99999970e-02 1.19999997e-01 1.59999996e-01
    2.80000001e-01 1.70000002e-01 7.99999982e-02 2.99999993e-02
    5.99999987e-02 2.99999993e-02 7.00000003e-02 7.99999982e-02
    7.99999982e-02 1.49999991e-01 2.59999990e-01 7.99999982e-02
    4.99999970e-02 9.99999978e-03 1.09999999e-01 1.09999999e-01 0.
    9.99999978e-03 9.99999978e-03 1.79999992e-01 5.29999971e-01
    1.70000002e-01 5.99999987e-02 9.99999978e-03 9.99999978e-03
    1.99999996e-02 9.99999978e-03 2.99999993e-02 3.99999991e-02
    8.99999961e-02 2.50000000e-01 3.99999991e-02 9.99999940e-02
    9.99999940e-02 1.70000002e-01 1.70000002e-01 0. 9.99999978e-03
    4.99999970e-02 5.99999987e-02 2.89999992e-01 1.09999999e-01
    5.99999987e-02 7.99999982e-02 1.89999998e-01 1.49999991e-01
    9.99999978e-03 3.99999991e-02 2.99999993e-02 9.99999940e-02
    3.99999976e-01 5.99999987e-02 5.99999987e-02 1.99999996e-02
    2.50000000e-01 2.99999993e-02 2.99999993e-02 7.00000003e-02
    9.99999978e-03 8.99999961e-02 2.50000000e-01 1.59999996e-01
    1.99999996e-02 7.99999982e-02 1.40000001e-01 1.49999991e-01
    4.99999970e-02 8.99999961e-02 1.70000002e-01 1.89999998e-01
    1.09999999e-01 1.49999991e-01 8.99999961e-02 3.99999991e-02
    7.00000003e-02 3.99999991e-02 1.09999999e-01 1.89999998e-01
    3.99999991e-02 7.00000003e-02 1.40000001e-01 8.99999961e-02
    7.00000003e-02 3.99999991e-02 4.99999970e-02 1.99999988e-01
    3.99999991e-02 1.99999996e-02 4.99999970e-02 1.70000002e-01
    3.59999985e-01 1.99999988e-01 8.99999961e-02 9.99999978e-03 0.
    5.99999987e-02 5.99999987e-02 2.99999993e-02 7.00000003e-02
    1.89999998e-01 2.29999989e-01 1.49999991e-01 4.99999970e-02
    5.99999987e-02 7.99999982e-02 7.99999982e-02 0. 0. 0. 1.99999996e-02
    1.09999999e-01 4.99999970e-02 7.99999982e-02 2.99999993e-02
    6.80000007e-01 2.99999993e-02 0. 0. 0. 5.99999987e-02 1.89999998e-01
    3.99999991e-02 9.99999978e-03 7.00000003e-02 5.69999993e-01
    5.99999987e-02 0. 0. 0. 7.99999982e-02 2.80000001e-01 1.40000001e-01
    2.99999993e-02 9.99999978e-03 4.19999987e-01 3.99999991e-02</data></face-0>
