<?xml version="1.0"?>
<opencv_storage>
<radius>2</radius>
<neighbors>8</neighbors>
<grid_x>7</grid_x>
<grid_y>7</grid_y>
<num_faces>1</num_faces>
<face-0 type_id="opencv-matrix">
  <rows>49</rows>
  <cols>10</cols>
  <dt>f</dt>
  <data>
    1.67355359e-01 1.17768593e-01 6.19834699e-02 6.81818128e-02
    2.06611559e-01 7.02479333e-02 2.27272715e-02 3.30578499e-02
    4.54545431e-02 2.06611559e-01 1.83884293e-01 8.26446265e-02
    3.30578499e-02 1.07438013e-01 2.14876026e-01 3.92561965e-02
    2.27272715e-02 6.40495867e-02 4.13223132e-02 2.10743800e-01
    1.19834706e-01 1.75619826e-01 6.19834699e-02 6.61156997e-02
    2.14876026e-01 3.51239666e-02 3.51239666e-02 3.71900797e-02
    4.13223132e-02 2.12809905e-01 1.15702473e-01 1.17768593e-01
    7.02479333e-02 6.81818128e-02 2.19008252e-01 6.61156997e-02
    4.13223132e-02 5.16528897e-02 5.37190065e-02 1.96280986e-01
    1.75619826e-01 1.54958665e-01 5.57851233e-02 2.68595032e-02
    1.77685946e-01 2.68595032e-02 7.23140463e-02 6.19834699e-02
    5.57851233e-02 1.92148745e-01 1.92148745e-01 1.63223132e-01
    4.33884263e-02 5.37190065e-02 2.89256182e-02 2.06611566e-02
    5.37190065e-02 8.05785060e-02 6.40495867e-02 2.99586773e-01
    1.94214866e-01 2.08677679e-01 5.78512363e-02 2.27272715e-02
    2.89256182e-02 1.85950398e-02 4.13223132e-02 7.85123929e-02
    6.19834699e-02 2.87190080e-01 1.09504126e-01 9.91735458e-02
    8.67768526e-02 2.14876026e-01 2.16942146e-01 8.05785060e-02
    2.27272715e-02 1.44628091e-02 2.27272715e-02 1.32231399e-01
    8.26446246e-03 2.47933865e-02 7.02479333e-02 2.85123944e-01
    4.79338825e-01 9.71074328e-02 1.65289249e-02 4.13223123e-03
    2.06611562e-03 1.23966932e-02 1.23966932e-02 3.71900797e-02
    4.95867729e-02 1.96280986e-01 4.09090906e-01 7.64462799e-02
    2.68595032e-02 3.09917349e-02 8.67768526e-02 7.43801594e-02
    2.06611566e-02 1.65289249e-02 4.33884263e-02 1.42561972e-01
    2.33471066e-01 9.09090862e-02 6.40495867e-02 5.37190065e-02
    2.37603292e-01 9.71074328e-02 1.44628091e-02 3.30578499e-02
    7.23140463e-02 1.67355359e-01 3.30578506e-01 1.26033053e-01
    4.54545431e-02 3.51239666e-02 1.05371900e-01 7.02479333e-02
    7.02479333e-02 8.47107396e-02 8.05785060e-02 1.07438013e-01
    3.34710717e-01 7.43801594e-02 5.37190065e-02 4.95867729e-02
    3.09917349e-02 1.13636360e-01 1.52892560e-01 9.71074328e-02
    3.92561965e-02 6.19834699e-02 2.80991733e-01 2.47933865e-02
    2.06611566e-02 3.92561965e-02 4.54545431e-02 2.37603292e-01
    2.68595032e-02 5.57851233e-02 1.26033053e-01 2.54132211e-01
    2.33471066e-01 1.38429746e-01 2.47933865e-02 4.13223132e-02
    1.23966932e-02 8.67768526e-02 8.26446246e-03 1.85950398e-02
    6.40495867e-02 1.98347092e-01 3.38842958e-01 9.50413197e-02
    2.06611566e-02 0. 2.45867759e-01 1.03305783e-02 1.23966932e-02
    1.03305783e-02 2.89256182e-02 8.26446265e-02 3.53305757e-01
    6.19834699e-02 3.09917349e-02 7.85123929e-02 2.52066106e-01
    8.88429731e-02 2.89256182e-02 3.09917349e-02 7.43801594e-02
    1.32231399e-01 2.54132211e-01 1.11570247e-01 6.40495867e-02
    6.81818128e-02 1.17768593e-01 1.17768593e-01 5.16528897e-02
    7.64462799e-02 9.09090862e-02 1.52892560e-01 2.21074373e-01
    1.05371900e-01 7.64462799e-02 4.33884263e-02 9.50413197e-02
    8.67768526e-02 3.51239666e-02 5.16528897e-02 8.05785060e-02
    2.37603292e-01 3.14049572e-01 1.46694213e-01 2.68595032e-02
    2.68595032e-02 6.19834661e-03 7.43801594e-02 3.09917349e-02
    5.16528897e-02 9.50413197e-02 2.37603292e-01 2.99586773e-01
    1.32231399e-01 4.33884263e-02 1.85950398e-02 1.65289249e-02
    7.43801594e-02 2.89256182e-02 3.71900797e-02 9.09090862e-02
    2.52066106e-01 3.45041305e-01 1.17768593e-01 4.33884263e-02
    1.44628091e-02 4.13223123e-03 6.61156997e-02 4.54545431e-02
    5.57851233e-02 1.42561972e-01 1.92148745e-01 2.14876026e-01
    1.40495867e-01 4.54545431e-02 2.27272715e-02 3.92561965e-02
    1.01239666e-01 1.23966932e-02 3.30578499e-02 6.40495867e-02
    1.67355359e-01 2.85123944e-01 1.54958665e-01 4.54545431e-02
    3.92561965e-02 1.32231399e-01 6.61156997e-02 1.65289249e-02
    2.06611566e-02 2.68595032e-02 7.02479333e-02 2.23140493e-01
    8.67768526e-02 4.13223132e-02 3.71900797e-02 4.29752052e-01
    4.75206599e-02 2.06611562e-03 2.06611562e-03 2.06611566e-02
    1.19834706e-01 3.47107410e-01 8.47107396e-02 2.27272715e-02
    3.71900797e-02 3.18181813e-01 4.54545431e-02 4.13223132e-02
    4.95867729e-02 7.64462799e-02 2.29338840e-01 3.20247918e-01
    7.64462799e-02 5.78512363e-02 4.33884263e-02 2.06611566e-02
    8.47107396e-02 3.09917349e-02 4.75206599e-02 9.29751992e-02
    2.29338840e-01 3.03718984e-01 1.09504126e-01 3.92561965e-02
    3.51239666e-02 1.23966932e-02 9.91735458e-02 4.13223132e-02
    2.47933865e-02 6.40495867e-02 2.47933879e-01 2.95454532e-01
    1.38429746e-01 6.19834699e-02 3.09917349e-02 1.65289249e-02
    7.85123929e-02 4.95867729e-02 4.13223132e-02 8.88429731e-02
    1.75619826e-01 4.00826424e-01 1.54958665e-01 2.06611566e-02
    2.27272715e-02 4.13223123e-03 4.13223132e-02 8.26446246e-03
    8.26446246e-03 2.27272715e-02 1.09504126e-01 2.14876026e-01
    9.09090862e-02 7.02479333e-02 9.29751992e-02 2.78925598e-01
    1.03305779e-01 8.26446246e-03 3.30578499e-02 2.27272715e-02
    8.88429731e-02 2.66528904e-01 1.03305779e-01 3.92561965e-02
    4.75206599e-02 2.97520638e-01 9.29751992e-02 1.23966932e-02
    1.65289249e-02 1.23966932e-02 1.21900819e-01 2.76859492e-01
    8.05785060e-02 1.65289249e-02 3.51239666e-02 3.55371892e-01
    7.23140463e-02 5.57851233e-02 8.47107396e-02 7.23140463e-02
    2.25206599e-01 2.97520638e-01 7.43801594e-02 4.75206599e-02
    2.27272715e-02 1.85950398e-02 1.01239666e-01 3.51239666e-02
    9.50413197e-02 3.71900797e-02 1.92148745e-01 1.71487600e-01
    1.11570247e-01 6.61156997e-02 7.43801594e-02 1.85950398e-02
    1.98347092e-01 4.95867729e-02 8.88429731e-02 1.19834706e-01
    2.27272719e-01 1.98347092e-01 1.13636360e-01 6.81818128e-02
    3.51239666e-02 1.65289249e-02 8.26446265e-02 4.33884263e-02
    5.37190065e-02 8.88429731e-02 1.59090906e-01 3.45041305e-01
    1.32231399e-01 4.54545431e-02 2.47933865e-02 2.27272715e-02
    8.47107396e-02 1.65289249e-02 3.09917349e-02 6.19834699e-02
    1.34297520e-01 1.77685946e-01 1.28099173e-01 6.40495867e-02
    7.85123929e-02 1.85950398e-01 1.21900819e-01 2.47933865e-02
    3.71900797e-02 5.99173531e-02 1.13636360e-01 3.28512371e-01
    1.23966940e-01 6.40495867e-02 3.71900797e-02 1.13636360e-01
    9.71074328e-02 5.37190065e-02 6.81818128e-02 8.47107396e-02
    1.67355359e-01 2.83057839e-01 1.21900819e-01 7.02479333e-02
    3.51239666e-02 2.06611566e-02 9.50413197e-02 2.89256182e-02
    5.37190065e-02 9.09090862e-02 2.66528904e-01 3.34710717e-01
    1.17768593e-01 3.71900797e-02 1.23966932e-02 8.26446246e-03
    4.95867729e-02 4.95867729e-02 6.40495867e-02 1.09504126e-01
    2.43801638e-01 2.43801638e-01 1.23966940e-01 5.16528897e-02
    2.89256182e-02 1.03305783e-02 7.43801594e-02 6.61156997e-02
    1.23966940e-01 1.21900819e-01 2.43801638e-01 1.61157012e-01
    9.09090862e-02 6.40495867e-02 2.89256182e-02 1.44628091e-02
    8.47107396e-02 8.88429731e-02 8.88429731e-02 1.19834706e-01
    1.96280986e-01 3.14049572e-01 7.02479333e-02 2.06611566e-02
    2.27272715e-02 4.13223123e-03 7.43801594e-02 2.27272715e-02
    5.37190065e-02 6.61156997e-02 1.88016519e-01 2.93388426e-01
    6.40495867e-02 8.26446265e-02 2.68595032e-02 9.91735458e-02
    1.03305779e-01 5.37190065e-02 5.57851233e-02 8.47107396e-02
    1.90082639e-01 3.11983466e-01 1.05371900e-01 6.81818128e-02
    2.47933865e-02 4.95867729e-02 5.57851233e-02 8.67768526e-02
    8.47107396e-02 1.13636360e-01 1.79752052e-01 1.52892560e-01
    8.67768526e-02 5.78512363e-02 5.37190065e-02 5.37190065e-02
    1.30165279e-01 7.02479333e-02 9.09090862e-02 9.50413197e-02
    2.27272719e-01 1.98347092e-01 1.03305779e-01 5.16528897e-02
    1.44628091e-02 3.30578499e-02 1.15702473e-01 4.95867729e-02
    5.99173531e-02 8.47107396e-02 2.29338840e-01 2.66528904e-01
