<?xml version="1.0"?>
<opencv_storage>
<radius>2</radius>
<neighbors>8</neighbors>
<grid_x>7</grid_x>
<grid_y>7</grid_y>
<num_faces>1</num_faces>
<face-0 type_id="opencv-matrix">
  <rows>49</rows>
  <cols>10</cols>
  <dt>f</dt>
  <data>
    1.03806229e-02 1.03806235e-01 1.10726647e-01 1.21107273e-01
    3.46020758e-01 6.57439455e-02 4.84429076e-02 6.92041516e-02
    2.42214538e-02 1.00346021e-01 4.49827015e-02 7.26643652e-02
    8.30449834e-02 1.14186853e-01 3.97923887e-01 7.26643652e-02
    2.42214538e-02 5.53633235e-02 2.76816618e-02 1.07266441e-01
    3.46020772e-03 3.46020758e-02 3.11418697e-02 1.41868517e-01
    2.28373706e-01 1.10726647e-01 6.92041516e-02 3.80622856e-02
    2.90657461e-01 5.19031174e-02 0. 0. 0. 1.03806229e-02 5.53633235e-02
    5.19031174e-02 4.49827015e-02 3.46020758e-02 7.99308002e-01
    3.46020772e-03 0. 0. 0. 0. 0. 0. 0. 1.03806229e-02 9.86159205e-01
    3.46020772e-03 4.15224917e-02 6.57439455e-02 5.19031174e-02
    3.46020758e-02 6.92041516e-02 7.95847774e-02 9.34256092e-02
    6.57439455e-02 3.66782010e-01 1.31487891e-01 7.61245713e-02
    7.95847774e-02 5.19031174e-02 1.10726647e-01 1.83391005e-01
    8.30449834e-02 3.46020758e-02 7.95847774e-02 9.34256092e-02
    2.07612470e-01 3.46020758e-02 1.38408309e-02 2.76816618e-02
    5.53633235e-02 3.14878911e-01 2.07612459e-02 1.38408309e-02
    2.42214538e-02 4.42906588e-01 5.19031174e-02 1.73010379e-02
    4.84429076e-02 2.07612459e-02 5.19031174e-02 1.73010379e-01
    5.19031174e-02 2.07612459e-02 3.11418697e-02 5.32871962e-01
    5.19031174e-02 3.46020758e-02 6.57439455e-02 6.57439455e-02
    1.79930806e-01 2.28373706e-01 1.00346021e-01 8.30449834e-02
    7.61245713e-02 5.19031174e-02 1.14186853e-01 1.03806229e-02
    1.38408309e-02 6.92041544e-03 1.38408309e-02 1.31487891e-01
    6.92041516e-02 2.07612459e-02 1.03806229e-02 7.02422142e-01
    2.07612459e-02 0. 0. 0. 0. 0. 0. 0. 0. 1. 0. 0. 0. 3.46020772e-03
    1.38408309e-02 1.73010379e-02 6.92041544e-03 0. 3.46020772e-03
    9.51557100e-01 3.46020772e-03 3.46020772e-03 1.38408309e-02
    3.46020758e-02 9.68858153e-02 1.38408303e-01 7.26643652e-02
    3.80622856e-02 2.76816618e-02 5.43252587e-01 3.11418697e-02 0. 0. 0.
    0. 0. 0. 0. 0. 1. 0. 0. 0. 0. 0. 2.76816618e-02 3.46020772e-03 0. 0.
    9.68858182e-01 0. 2.76816618e-02 4.49827015e-02 6.57439455e-02
    1.10726647e-01 2.87197232e-01 1.62629768e-01 1.17647059e-01
    5.88235296e-02 2.76816618e-02 9.68858153e-02 0. 0. 1.03806229e-02
    4.49827015e-02 1.55709341e-01 1.21107273e-01 3.46020772e-03 0.
    6.64359868e-01 0. 0. 0. 0. 3.46020772e-03 6.92041544e-03
    1.03806229e-02 1.03806229e-02 0. 9.68858182e-01 0. 0. 0. 0.
    1.38408309e-02 1.17647059e-01 4.84429076e-02 2.07612459e-02
    3.46020758e-02 7.33564019e-01 3.11418697e-02 0. 0. 0. 1.73010379e-02
    8.99654031e-02 5.19031174e-02 2.42214538e-02 1.38408309e-02
    8.02768171e-01 0. 0. 0. 0. 0. 0. 0. 0. 0. 1. 0. 0. 0. 0. 0. 0. 0. 0.
    0. 1. 0. 0. 0. 0. 2.76816618e-02 1.97231844e-01 1.07266441e-01
    3.46020772e-03 0. 6.64359868e-01 0. 0. 0. 0. 0. 0. 3.46020772e-03
    3.46020772e-03 0. 9.93079603e-01 0. 0. 6.92041544e-03 2.76816618e-02
    7.61245713e-02 1.66089967e-01 1.14186853e-01 6.22837394e-02
    1.38408309e-02 5.08650541e-01 2.42214538e-02 2.42214538e-02
    1.38408309e-02 4.15224917e-02 7.95847774e-02 2.14532882e-01
    1.28027692e-01 5.53633235e-02 3.80622856e-02 3.42560560e-01
    6.22837394e-02 0. 3.46020772e-03 0. 4.15224917e-02 2.14532882e-01
    1.03806235e-01 8.30449834e-02 3.80622856e-02 4.80968863e-01
    3.46020758e-02 3.46020772e-03 1.38408309e-02 1.38408309e-02 0.
    1.31487891e-01 3.46020772e-03 2.42214538e-02 3.11418697e-02
    7.64705896e-01 1.38408309e-02 0. 0. 0. 3.46020772e-03 1.55709341e-01
    1.03806229e-02 0. 0. 8.30449879e-01 0. 1.73010379e-02 2.76816618e-02
    6.22837394e-02 9.34256092e-02 4.08304513e-01 1.59169555e-01
    5.88235296e-02 3.80622856e-02 3.11418697e-02 1.03806235e-01 0. 0.
    6.92041544e-03 1.73010379e-02 2.31833920e-01 3.46020758e-02 0. 0.
    7.09342599e-01 0. 0. 0. 0. 8.30449834e-02 1.38408303e-01
    1.14186853e-01 7.61245713e-02 2.76816618e-02 5.39792418e-01
    2.07612459e-02 0. 1.03806229e-02 2.07612459e-02 6.22837394e-02
    2.52595156e-01 5.19031174e-02 5.19031174e-02 3.80622856e-02
    4.80968863e-01 3.11418697e-02 0. 1.03806229e-02 1.73010379e-02
    6.22837394e-02 2.62975782e-01 1.73010379e-01 4.84429076e-02
    5.53633235e-02 3.07958484e-01 6.22837394e-02 5.88235296e-02
    8.30449834e-02 8.30449834e-02 1.24567479e-01 2.59515584e-01
    6.22837394e-02 6.22837394e-02 7.26643652e-02 3.46020758e-02
    1.59169555e-01 2.07612459e-02 6.57439455e-02 8.65051895e-02
    1.17647059e-01 4.01384085e-01 1.10726647e-01 6.57439455e-02
    1.38408309e-02 4.15224917e-02 7.61245713e-02 3.80622856e-02
    8.30449834e-02 6.22837394e-02 1.31487891e-01 2.76816607e-01
    1.62629768e-01 7.61245713e-02 4.84429076e-02 4.15224917e-02
    7.95847774e-02 0. 3.46020772e-03 6.92041544e-03 3.46020758e-02
    2.14532882e-01 8.30449834e-02 0. 0. 6.57439470e-01 0. 3.46020772e-03
    0. 3.46020772e-03 6.92041544e-03 3.46020758e-02 2.42214538e-02
    6.92041544e-03 0. 9.06574428e-01 1.38408309e-02 6.92041544e-03
    6.92041544e-03 4.84429076e-02 4.49827015e-02 1.17647059e-01
    6.92041516e-02 7.95847774e-02 5.88235296e-02 5.29411793e-01
    3.80622856e-02 3.46020772e-03 1.03806229e-02 4.15224917e-02
    8.99654031e-02 1.97231844e-01 9.34256092e-02 5.88235296e-02
    1.38408309e-02 4.60207641e-01 3.11418697e-02 4.84429076e-02
    6.57439455e-02 1.34948105e-01 1.59169555e-01 2.28373706e-01
    1.00346021e-01 8.65051895e-02 4.49827015e-02 3.80622856e-02
    9.34256092e-02 3.11418697e-02 6.57439455e-02 8.30449834e-02
    1.07266441e-01 4.35986161e-01 8.30449834e-02 1.38408309e-02
    6.22837394e-02 4.84429076e-02 6.92041516e-02 3.46020772e-03
    6.92041544e-03 1.38408309e-02 8.30449834e-02 3.56401384e-01
    1.03806235e-01 3.46020758e-02 2.07612459e-02 3.59861612e-01
    1.73010379e-02 0. 0. 0. 0. 2.76816618e-02 6.92041544e-03
    3.46020772e-03 6.92041544e-03 9.55017328e-01 0. 6.92041544e-03
    1.03806229e-02 3.11418697e-02 4.84429076e-02 9.68858153e-02
    6.57439455e-02 3.80622856e-02 2.42214538e-02 6.19377196e-01
    5.88235296e-02 5.19031174e-02 1.14186853e-01 1.48788929e-01
    1.38408303e-01 1.28027692e-01 8.65051895e-02 5.88235296e-02
    5.88235296e-02 8.99654031e-02 1.24567479e-01 4.15224917e-02
    6.92041516e-02 7.61245713e-02 1.69550180e-01 2.31833920e-01
    1.24567479e-01 1.10726647e-01 6.22837394e-02 2.42214538e-02
    8.99654031e-02</data></face-0>
