<?xml version="1.0"?>
<opencv_storage>
<radius>2</radius>
<neighbors>8</neighbors>
<grid_x>7</grid_x>
<grid_y>7</grid_y>
<num_faces>1</num_faces>
<face-0 type_id="opencv-matrix">
  <rows>49</rows>
  <cols>10</cols>
  <dt>f</dt>
  <data>
    3.80622856e-02 2.07612459e-02 4.15224917e-02 1.66089967e-01
    3.35640162e-01 9.68858153e-02 2.42214538e-02 3.46020758e-02
    1.83391005e-01 5.88235296e-02 2.42214538e-02 5.19031174e-02
    7.61245713e-02 7.26643652e-02 3.39100361e-01 8.30449834e-02
    7.26643652e-02 4.49827015e-02 1.79930806e-01 5.53633235e-02
    3.80622856e-02 1.73010379e-02 5.19031174e-02 6.57439455e-02
    2.76816607e-01 7.26643652e-02 4.15224917e-02 3.11418697e-02
    3.04498285e-01 1.00346021e-01 6.92041544e-03 3.80622856e-02
    5.53633235e-02 1.07266441e-01 2.31833920e-01 6.22837394e-02
    4.49827015e-02 4.84429076e-02 3.70242238e-01 3.46020758e-02
    4.49827015e-02 3.11418697e-02 5.53633235e-02 1.73010379e-01
    3.21799308e-01 9.68858153e-02 4.15224917e-02 3.11418697e-02
    6.92041516e-02 1.34948105e-01 6.22837394e-02 7.95847774e-02
    5.19031174e-02 1.66089967e-01 2.69896209e-01 6.92041516e-02
    4.84429076e-02 4.15224917e-02 4.49827015e-02 1.66089967e-01
    1.00346021e-01 1.31487891e-01 1.00346021e-01 1.55709341e-01
    1.73010379e-01 4.84429076e-02 6.57439455e-02 6.22837394e-02
    2.76816618e-02 1.34948105e-01 0. 0. 0. 0. 0. 0. 0. 0. 1. 0. 0. 0. 0.
    0. 0. 0. 0. 0. 1. 0. 0. 3.11418697e-02 3.80622856e-02 4.49827015e-02
    4.11764711e-01 1.34948105e-01 7.61245713e-02 4.49827015e-02
    1.93771631e-01 2.42214538e-02 0. 0. 3.46020772e-03 3.11418697e-02
    1.10726647e-01 1.38408309e-02 3.46020772e-03 0. 8.37370276e-01 0. 0.
    0. 3.46020772e-03 2.76816618e-02 8.30449834e-02 2.42214538e-02
    3.46020772e-03 3.46020772e-03 8.37370276e-01 1.73010379e-02
    4.84429076e-02 5.19031174e-02 5.53633235e-02 7.61245713e-02
    2.24913508e-01 7.26643652e-02 5.19031174e-02 5.53633235e-02
    2.42214546e-01 1.21107273e-01 2.76816618e-02 5.53633235e-02
    8.65051895e-02 1.73010379e-01 3.87543261e-01 7.95847774e-02
    2.76816618e-02 4.15224917e-02 3.11418697e-02 8.99654031e-02 0. 0. 0.
    0. 0. 0. 0. 0. 1. 0. 0. 0. 0. 0. 2.76816618e-02 1.38408309e-02 0. 0.
    9.58477557e-01 0. 3.46020758e-02 6.57439455e-02 4.49827015e-02
    1.28027692e-01 3.32179934e-01 1.38408303e-01 7.26643652e-02
    9.68858153e-02 3.46020758e-02 5.19031174e-02 3.46020772e-03
    1.03806229e-02 2.76816618e-02 6.92041516e-02 2.76816607e-01
    1.28027692e-01 3.11418697e-02 1.38408309e-02 3.91003460e-01
    4.84429076e-02 0. 0. 6.92041544e-03 3.80622856e-02 8.65051895e-02
    7.95847774e-02 3.46020758e-02 3.11418697e-02 6.95501745e-01
    2.76816618e-02 3.46020772e-03 3.46020772e-03 1.38408309e-02
    5.19031174e-02 1.55709341e-01 6.92041516e-02 5.19031174e-02
    3.46020758e-02 6.05536342e-01 1.03806229e-02 5.88235296e-02
    6.22837394e-02 1.07266441e-01 2.66435981e-01 1.79930806e-01
    7.61245713e-02 7.26643652e-02 3.11418697e-02 4.84429076e-02
    9.68858153e-02 0. 0. 0. 0. 0. 0. 0. 0. 1. 0. 0. 0. 0. 0.
    5.19031174e-02 3.46020772e-03 0. 0. 9.44636703e-01 0. 0. 0.
    3.46020772e-03 1.62629768e-01 4.84429091e-01 1.59169555e-01
    3.80622856e-02 0. 1.38408303e-01 1.38408309e-02 3.46020772e-03 0.
    6.92041544e-03 1.03806229e-02 6.57439455e-02 3.46020758e-02
    1.38408309e-02 0. 8.51211071e-01 1.38408309e-02 1.38408309e-02
    1.38408309e-02 3.11418697e-02 9.34256092e-02 2.07612470e-01
    1.45328730e-01 5.88235296e-02 3.11418697e-02 3.56401384e-01
    4.84429076e-02 1.73010379e-02 3.11418697e-02 1.03806229e-02
    8.99654031e-02 2.69896209e-01 1.14186853e-01 3.46020772e-03
    6.92041516e-02 2.52595156e-01 1.41868517e-01 0. 0. 1.03806229e-02
    1.03806235e-01 2.69896209e-01 1.24567479e-01 4.49827015e-02
    5.88235296e-02 3.70242238e-01 1.73010379e-02 0. 0. 0. 0. 0. 0. 0. 0.
    1. 0. 0. 0. 0. 2.07612459e-02 1.07266441e-01 3.11418697e-02 0. 0.
    8.40830505e-01 0. 6.57439455e-02 6.22837394e-02 5.53633235e-02
    1.31487891e-01 2.62975782e-01 1.24567479e-01 7.95847774e-02
    8.99654031e-02 2.07612459e-02 1.07266441e-01 2.07612459e-02
    2.76816618e-02 2.07612459e-02 6.57439455e-02 2.90657461e-01
    8.99654031e-02 4.15224917e-02 5.19031174e-02 3.21799308e-01
    6.92041516e-02 0. 3.46020772e-03 2.07612459e-02 1.66089967e-01
    2.66435981e-01 1.48788929e-01 6.22837394e-02 4.15224917e-02
    2.62975782e-01 2.76816618e-02 1.73010379e-02 4.84429076e-02
    4.84429076e-02 1.14186853e-01 2.73356408e-01 1.38408303e-01
    5.88235296e-02 4.84429076e-02 1.48788929e-01 1.03806235e-01
    3.46020758e-02 3.80622856e-02 7.95847774e-02 1.66089967e-01
    2.14532882e-01 1.48788929e-01 5.88235296e-02 4.15224917e-02
    1.59169555e-01 5.88235296e-02 0. 0. 0. 0. 0. 0. 0. 0. 1. 0. 0. 0. 0.
    0. 6.22837394e-02 1.73010379e-02 0. 0. 9.20415282e-01 0.
    6.92041544e-03 2.76816618e-02 1.38408309e-02 1.14186853e-01
    4.98269916e-01 1.38408303e-01 7.26643652e-02 2.42214538e-02
    6.22837394e-02 4.15224917e-02 0. 0. 6.92041544e-03 1.10726647e-01
    1.48788929e-01 7.95847774e-02 2.07612459e-02 0. 6.19377196e-01
    1.38408309e-02 2.42214538e-02 4.15224917e-02 6.92041516e-02
    7.95847774e-02 1.17647059e-01 6.57439455e-02 7.95847774e-02
    5.19031174e-02 3.84083062e-01 8.65051895e-02 6.57439455e-02
    1.07266441e-01 1.31487891e-01 1.38408303e-01 1.62629768e-01
    8.65051895e-02 9.34256092e-02 3.46020758e-02 6.22837394e-02
    1.17647059e-01 1.03806229e-02 6.22837394e-02 1.31487891e-01
    2.31833920e-01 3.25259537e-01 1.00346021e-01 4.84429076e-02
    2.42214538e-02 1.73010379e-02 4.84429076e-02 6.92041544e-03
    2.07612459e-02 3.46020758e-02 1.55709341e-01 3.11418682e-01
    6.57439455e-02 2.07612459e-02 1.73010379e-02 3.07958484e-01
    5.88235296e-02 1.38408309e-02 4.15224917e-02 5.19031174e-02
    3.80622856e-02 2.31833920e-01 4.84429076e-02 2.76816618e-02
    6.22837394e-02 4.25605536e-01 5.88235296e-02 0. 0. 1.03806229e-02
    1.03806229e-02 2.80276835e-01 8.65051895e-02 3.46020758e-02
    1.73010379e-02 5.46712816e-01 1.38408309e-02 0. 0. 1.38408309e-02
    4.84429076e-02 9.34256092e-02 2.42214538e-02 3.46020758e-02
    2.42214538e-02 7.40484476e-01 2.07612459e-02 6.22837394e-02
    4.49827015e-02 7.26643652e-02 1.38408303e-01 2.49134958e-01
    1.14186853e-01 6.92041516e-02 4.49827015e-02 5.88235296e-02
    1.45328730e-01 8.99654031e-02 1.00346021e-01 7.26643652e-02
    6.22837394e-02 2.49134958e-01 5.19031174e-02 5.19031174e-02
    6.92041516e-02 5.19031174e-02 2.00692043e-01 4.49827015e-02
    1.03806235e-01 4.49827015e-02 1.86851218e-01 2.73356408e-01
    6.57439455e-02 3.11418697e-02 6.57439455e-02 3.11418697e-02
    1.52249143e-01</data></face-0>
