<?xml version="1.0"?>
<opencv_storage>
<radius>2</radius>
<neighbors>8</neighbors>
<grid_x>7</grid_x>
<grid_y>7</grid_y>
<num_faces>1</num_faces>
<face-0 type_id="opencv-matrix">
  <rows>49</rows>
  <cols>10</cols>
  <dt>f</dt>
  <data>
    2.76816618e-02 6.22837394e-02 9.34256092e-02 2.80276835e-01
    3.14878911e-01 1.07266441e-01 1.03806229e-02 6.92041544e-03
    1.73010379e-02 7.95847774e-02 3.11418697e-02 2.07612459e-02
    3.11418697e-02 1.24567479e-01 2.38754332e-01 7.26643652e-02
    2.07612459e-02 2.42214538e-02 3.32179934e-01 1.03806235e-01
    3.46020772e-03 0. 3.46020772e-03 1.73010379e-02 1.66089967e-01
    1.73010379e-02 1.38408309e-02 3.11418697e-02 7.12802768e-01
    3.46020758e-02 0. 0. 3.46020772e-03 3.46020758e-02 4.15224917e-02
    2.07612459e-02 3.11418697e-02 5.19031174e-02 7.92387545e-01
    2.42214538e-02 1.03806229e-02 1.73010379e-02 4.15224917e-02
    1.28027692e-01 1.10726647e-01 9.68858153e-02 4.15224917e-02
    4.84429076e-02 4.25605536e-01 7.95847774e-02 6.92041516e-02
    7.26643652e-02 4.15224917e-02 1.14186853e-01 2.38754332e-01
    7.61245713e-02 3.11418697e-02 5.88235296e-02 1.03806235e-01
    1.93771631e-01 5.88235296e-02 9.68858153e-02 6.22837394e-02
    1.24567479e-01 2.42214546e-01 5.88235296e-02 3.46020758e-02
    5.88235296e-02 6.57439455e-02 1.97231844e-01 0. 0. 0. 1.38408309e-02
    6.57439455e-02 1.03806229e-02 0. 0. 9.10034657e-01 0. 0. 0. 0. 0.
    4.49827015e-02 0. 0. 0. 9.55017328e-01 0. 2.07612459e-02
    5.53633235e-02 5.19031174e-02 4.84429076e-02 1.38408303e-01
    9.68858153e-02 7.26643652e-02 8.30449834e-02 3.52941185e-01
    7.95847774e-02 0. 0. 0. 0. 0. 0. 0. 0. 1. 0. 0. 0. 0. 0. 0. 0. 0. 0.
    1. 0. 0. 0. 0. 2.42214538e-02 5.53633235e-02 3.80622856e-02
    3.46020772e-03 0. 8.78892779e-01 0. 4.49827015e-02 4.49827015e-02
    1.00346021e-01 2.21453294e-01 2.11072668e-01 8.99654031e-02
    7.61245713e-02 4.49827015e-02 7.95847774e-02 8.65051895e-02 0. 0. 0.
    0. 0. 0. 0. 0. 1. 0. 0. 0. 0. 1.03806229e-02 7.26643652e-02
    1.38408309e-02 0. 0. 9.03114200e-01 0. 3.80622856e-02 5.19031174e-02
    8.65051895e-02 9.68858153e-02 2.42214546e-01 1.21107273e-01
    1.24567479e-01 8.99654031e-02 4.49827015e-02 1.03806235e-01 0. 0.
    3.46020772e-03 4.15224917e-02 1.34948105e-01 7.95847774e-02
    1.38408309e-02 1.03806229e-02 7.12802768e-01 3.46020772e-03 0. 0.
    6.92041544e-03 4.84429076e-02 8.30449834e-02 3.80622856e-02
    4.15224917e-02 2.07612459e-02 7.19723225e-01 4.15224917e-02
    3.46020772e-03 3.46020772e-03 1.03806229e-02 5.19031174e-02
    1.69550180e-01 1.00346021e-01 5.88235296e-02 6.22837394e-02
    4.87889290e-01 5.19031174e-02 0. 1.38408309e-02 7.95847774e-02
    1.14186853e-01 1.90311432e-01 1.62629768e-01 1.00346021e-01
    2.76816618e-02 2.94117659e-01 1.73010379e-02 0. 0. 0. 0. 0. 0. 0. 0.
    1. 0. 0. 0. 0. 0. 1.38408309e-02 0. 0. 0. 9.86159205e-01 0. 0.
    3.46020772e-03 3.80622856e-02 1.38408303e-01 2.94117659e-01
    1.17647059e-01 8.99654031e-02 1.73010379e-02 2.83737034e-01
    1.73010379e-02 0. 0. 0. 0. 3.46020772e-03 1.03806229e-02 0. 0.
    9.86159205e-01 0. 6.92041544e-03 1.38408309e-02 2.07612459e-02
    6.92041516e-02 1.79930806e-01 1.03806235e-01 5.88235296e-02
    3.80622856e-02 4.74048465e-01 3.46020758e-02 6.92041544e-03
    1.73010379e-02 2.07612459e-02 1.24567479e-01 2.62975782e-01
    1.55709341e-01 5.88235296e-02 4.15224917e-02 2.83737034e-01
    2.76816618e-02 2.07612459e-02 4.49827015e-02 3.80622856e-02
    5.19031174e-02 5.01730144e-01 1.28027692e-01 8.30449834e-02
    3.80622856e-02 3.46020758e-02 5.88235296e-02 0. 0. 0. 0. 0. 0. 0. 0.
    1. 0. 0. 0. 0. 1.03806229e-02 1.38408309e-02 6.92041544e-03 0. 0.
    9.68858182e-01 0. 3.46020758e-02 2.76816618e-02 3.11418697e-02
    1.31487891e-01 4.32525963e-01 1.03806235e-01 2.07612459e-02
    5.53633235e-02 5.53633235e-02 1.07266441e-01 1.03806229e-02
    2.07612459e-02 6.57439455e-02 8.99654031e-02 2.69896209e-01
    7.61245713e-02 5.53633235e-02 4.49827015e-02 2.87197232e-01
    7.95847774e-02 0. 3.46020772e-03 2.42214538e-02 5.53633235e-02
    2.66435981e-01 1.52249143e-01 6.57439455e-02 6.92041516e-02
    3.14878911e-01 4.84429076e-02 2.42214538e-02 6.22837394e-02
    7.61245713e-02 1.45328730e-01 3.39100361e-01 1.66089967e-01
    4.15224917e-02 6.57439455e-02 3.46020758e-02 4.49827015e-02
    3.46020758e-02 6.22837394e-02 7.95847774e-02 2.00692043e-01
    3.42560560e-01 1.59169555e-01 2.76816618e-02 2.42214538e-02
    1.03806229e-02 5.88235296e-02 0. 0. 3.46020772e-03 7.26643652e-02
    3.73702437e-01 2.76816618e-02 0. 0. 5.22491395e-01 0. 0. 0. 0.
    1.38408309e-02 3.11418697e-02 1.38408309e-02 3.46020772e-03 0.
    9.37716305e-01 0. 4.15224917e-02 7.95847774e-02 5.88235296e-02
    8.30449834e-02 3.14878911e-01 9.68858153e-02 7.61245713e-02
    6.57439455e-02 5.88235296e-02 1.24567479e-01 3.46020758e-02
    3.11418697e-02 2.42214538e-02 8.65051895e-02 2.35294119e-01
    2.00692043e-01 2.42214538e-02 1.73010379e-02 2.87197232e-01
    5.88235296e-02 0. 3.46020772e-03 2.07612459e-02 1.41868517e-01
    2.21453294e-01 3.11418697e-02 3.46020772e-03 3.46020772e-03
    5.70934296e-01 3.46020772e-03 2.07612459e-02 3.11418697e-02
    7.61245713e-02 2.59515584e-01 2.87197232e-01 1.24567479e-01
    5.19031174e-02 3.80622856e-02 2.76816618e-02 8.30449834e-02
    7.26643652e-02 5.53633235e-02 1.14186853e-01 1.66089967e-01
    2.59515584e-01 3.11418697e-02 7.95847774e-02 7.26643652e-02
    2.76816618e-02 1.21107273e-01 4.84429076e-02 5.19031174e-02
    6.92041516e-02 1.28027692e-01 3.70242238e-01 5.53633235e-02
    4.15224917e-02 4.49827015e-02 4.49827015e-02 1.45328730e-01
    5.53633235e-02 3.46020758e-02 2.42214538e-02 1.00346021e-01
    4.25605536e-01 7.61245713e-02 3.80622856e-02 6.22837394e-02
    6.22837394e-02 1.21107273e-01 3.80622856e-02 6.57439455e-02
    1.73010379e-02 1.10726647e-01 3.91003460e-01 1.10726647e-01
    1.03806229e-02 6.92041516e-02 4.84429076e-02 1.38408303e-01
    3.46020758e-02 5.53633235e-02 5.19031174e-02 1.17647059e-01
    3.01038086e-01 6.57439455e-02 1.73010379e-02 8.30449834e-02
    1.59169555e-01 1.14186853e-01 0. 3.46020772e-03 1.73010379e-02
    1.31487891e-01 3.01038086e-01 1.03806235e-01 6.22837394e-02
    4.15224917e-02 2.66435981e-01 7.26643652e-02 1.59169555e-01
    1.48788929e-01 4.15224917e-02 6.22837394e-02 1.21107273e-01
    5.19031174e-02 6.92041516e-02 4.49827015e-02 6.57439455e-02
    2.35294119e-01 1.93771631e-01 1.66089967e-01 4.84429076e-02
    2.07612459e-02 4.49827015e-02 6.22837394e-02 7.26643652e-02
    8.65051895e-02 4.84429076e-02 2.56055385e-01</data></face-0>
