<?xml version="1.0"?>
<opencv_storage>
<radius>2</radius>
<neighbors>8</neighbors>
<grid_x>7</grid_x>
<grid_y>7</grid_y>
<num_faces>1</num_faces>
<face-0 type_id="opencv-matrix">
  <rows>49</rows>
  <cols>10</cols>
  <dt>f</dt>
  <data>
    2.42214538e-02 3.11418697e-02 7.61245713e-02 1.83391005e-01
    2.35294119e-01 1.38408303e-01 8.30449834e-02 5.53633235e-02
    8.65051895e-02 8.65051895e-02 1.73010379e-02 1.73010379e-02
    6.57439455e-02 1.00346021e-01 3.42560560e-01 1.10726647e-01
    4.84429076e-02 2.42214538e-02 2.21453294e-01 5.19031174e-02
    6.92041544e-03 3.46020772e-03 3.46020772e-03 7.26643652e-02
    1.97231844e-01 7.26643652e-02 2.76816618e-02 3.11418697e-02
    5.43252587e-01 4.15224917e-02 0. 0. 3.46020772e-03 1.03806229e-02
    6.22837394e-02 3.11418697e-02 2.76816618e-02 3.80622856e-02
    8.02768171e-01 2.42214538e-02 2.76816618e-02 4.84429076e-02
    4.84429076e-02 3.80622856e-02 8.99654031e-02 6.22837394e-02
    5.88235296e-02 7.26643652e-02 4.04844314e-01 1.48788929e-01
    6.92041544e-03 6.22837394e-02 3.80622856e-02 9.68858153e-02
    1.34948105e-01 9.34256092e-02 8.65051895e-02 1.14186853e-01
    2.52595156e-01 1.14186853e-01 3.46020758e-02 5.88235296e-02
    5.19031174e-02 1.10726647e-01 2.94117659e-01 7.26643652e-02
    2.07612459e-02 5.88235296e-02 1.38408303e-01 1.59169555e-01
    2.76816618e-02 1.03806229e-02 5.19031174e-02 9.68858153e-02
    1.66089967e-01 1.45328730e-01 7.95847774e-02 3.46020758e-02
    3.28719735e-01 5.88235296e-02 0. 0. 0. 0. 9.34256092e-02
    6.92041544e-03 2.76816618e-02 0. 8.71972322e-01 0. 2.07612459e-02
    3.46020758e-02 5.19031174e-02 1.21107273e-01 3.28719735e-01
    1.52249143e-01 1.00346021e-01 5.88235296e-02 8.65051895e-02
    4.49827015e-02 0. 3.46020772e-03 1.38408309e-02 2.42214538e-02
    4.84429076e-02 4.15224917e-02 1.38408309e-02 3.46020772e-03
    8.40830505e-01 1.03806229e-02 0. 0. 0. 3.46020772e-03 2.07612459e-02
    1.73010379e-02 1.73010379e-02 0. 9.30795848e-01 1.03806229e-02 0.
    3.46020772e-03 2.07612459e-02 6.22837394e-02 1.14186853e-01
    5.19031174e-02 1.73010379e-02 3.46020758e-02 6.53979242e-01
    4.15224917e-02 2.07612459e-02 2.07612459e-02 3.11418697e-02
    2.07612470e-01 3.28719735e-01 6.57439455e-02 3.46020758e-02
    6.57439455e-02 1.31487891e-01 9.34256092e-02 5.53633235e-02
    4.49827015e-02 8.65051895e-02 1.52249143e-01 2.17993081e-01
    1.59169555e-01 4.84429076e-02 4.15224917e-02 7.26643652e-02
    1.21107273e-01 0. 0. 0. 3.80622856e-02 1.73010379e-01 5.19031174e-02
    0. 0. 7.37024248e-01 0. 5.19031174e-02 6.92041516e-02 3.80622856e-02
    1.24567479e-01 2.87197232e-01 1.45328730e-01 8.30449834e-02
    8.30449834e-02 4.49827015e-02 7.26643652e-02 1.03806229e-02
    2.07612459e-02 3.80622856e-02 2.42214538e-02 1.73010379e-01
    8.30449834e-02 6.57439455e-02 1.38408309e-02 5.50173044e-01
    2.07612459e-02 0. 0. 0. 6.92041544e-03 1.73010379e-02 0. 0.
    3.80622856e-02 9.16955054e-01 2.07612459e-02 0. 0. 0. 3.46020772e-03
    5.88235296e-02 0. 2.76816618e-02 1.38408309e-02 8.96193802e-01 0.
    4.84429076e-02 1.00346021e-01 6.57439455e-02 1.28027692e-01
    1.31487891e-01 1.17647059e-01 1.10726647e-01 5.19031174e-02
    1.31487891e-01 1.14186853e-01 0. 7.95847774e-02 1.14186853e-01
    1.52249143e-01 2.28373706e-01 1.76470593e-01 8.30449834e-02
    6.22837394e-02 2.76816618e-02 7.61245713e-02 0. 0. 1.03806229e-02
    4.15224917e-02 1.00346021e-01 6.57439455e-02 3.46020758e-02
    6.92041544e-03 7.37024248e-01 3.46020772e-03 3.46020772e-03
    1.03806229e-02 2.76816618e-02 1.59169555e-01 2.83737034e-01
    1.52249143e-01 5.53633235e-02 1.03806229e-02 2.69896209e-01
    2.76816618e-02 0. 0. 0. 0. 2.07612459e-02 1.38408309e-02 0. 0.
    9.65397954e-01 0. 0. 0. 0. 8.99654031e-02 1.55709341e-01
    9.68858153e-02 5.88235296e-02 2.07612459e-02 5.39792418e-01
    3.80622856e-02 0. 0. 0. 6.57439455e-02 1.86851218e-01 8.65051895e-02
    1.73010379e-02 3.80622856e-02 5.64013839e-01 4.15224917e-02
    2.76816618e-02 4.84429076e-02 5.53633235e-02 1.48788929e-01
    2.76816607e-01 1.66089967e-01 4.84429076e-02 4.49827015e-02
    1.14186853e-01 6.92041516e-02 3.46020772e-03 3.80622856e-02
    5.19031174e-02 1.38408303e-01 2.66435981e-01 1.52249143e-01
    6.57439455e-02 4.15224917e-02 1.93771631e-01 4.84429076e-02 0.
    3.46020772e-03 6.92041544e-03 2.07612459e-02 1.48788929e-01
    5.88235296e-02 3.11418697e-02 1.03806229e-02 7.12802768e-01
    6.92041544e-03 3.80622856e-02 5.19031174e-02 5.53633235e-02
    1.24567479e-01 3.14878911e-01 1.66089967e-01 7.26643652e-02
    2.76816618e-02 4.84429076e-02 1.00346021e-01 3.46020772e-03
    1.03806229e-02 0. 2.76816618e-02 1.38408303e-01 7.26643652e-02
    1.73010379e-02 1.38408309e-02 6.85121119e-01 3.11418697e-02 0. 0.
    1.03806229e-02 3.11418697e-02 8.30449834e-02 1.28027692e-01
    4.15224917e-02 5.53633235e-02 6.12456739e-01 3.80622856e-02 0. 0. 0.
    1.38408309e-02 1.59169555e-01 3.46020758e-02 6.92041544e-03
    3.80622856e-02 7.09342599e-01 3.80622856e-02 5.88235296e-02
    6.22837394e-02 1.00346021e-01 1.38408303e-01 1.45328730e-01
    1.38408303e-01 9.68858153e-02 6.92041516e-02 5.53633235e-02
    1.34948105e-01 0. 1.03806229e-02 3.80622856e-02 7.61245713e-02
    6.22837394e-02 8.30449834e-02 5.53633235e-02 1.73010379e-02
    6.50519073e-01 6.92041544e-03 0. 0. 0. 2.42214538e-02 8.65051895e-02
    3.46020758e-02 3.46020758e-02 3.80622856e-02 7.75086522e-01
    6.92041544e-03 4.49827015e-02 5.88235296e-02 7.61245713e-02
    1.03806235e-01 2.76816607e-01 1.73010379e-01 4.49827015e-02
    8.30449834e-02 4.15224917e-02 9.68858153e-02 1.38408309e-02
    2.42214538e-02 1.03806229e-02 5.88235296e-02 1.41868517e-01
    7.95847774e-02 3.11418697e-02 6.92041544e-03 5.88235319e-01
    4.49827015e-02 0. 0. 3.46020772e-03 2.76816618e-02 2.42214538e-02
    1.03806229e-02 6.92041544e-03 3.46020772e-03 9.23875451e-01 0.
    4.84429076e-02 7.61245713e-02 7.26643652e-02 1.55709341e-01
    1.48788929e-01 1.03806235e-01 8.30449834e-02 4.84429076e-02
    1.24567479e-01 1.38408303e-01 5.19031174e-02 6.92041516e-02
    9.68858153e-02 1.76470593e-01 2.76816607e-01 1.03806235e-01
    5.19031174e-02 4.84429076e-02 2.76816618e-02 9.68858153e-02
    2.76816618e-02 3.46020758e-02 7.95847774e-02 1.34948105e-01
    1.41868517e-01 1.03806235e-01 9.68858153e-02 1.38408309e-02
    2.69896209e-01 9.68858153e-02 6.92041544e-03 2.76816618e-02
    2.42214538e-02 5.19031174e-02 1.73010379e-01 9.34256092e-02
    3.80622856e-02 2.42214538e-02 5.15570939e-01 4.49827015e-02 0.
    6.92041544e-03 2.07612459e-02 5.53633235e-02 1.93771631e-01
    9.68858153e-02 4.84429076e-02 2.07612459e-02 5.43252587e-01
    1.38408309e-02 0. 0. 0. 3.46020772e-03 3.46020758e-02 2.07612459e-02
    2.07612459e-02 1.73010379e-02 8.99654031e-01 3.46020772e-03 0.
    2.42214538e-02 3.46020758e-02 7.95847774e-02 1.38408303e-01
    5.53633235e-02 2.76816618e-02 7.26643652e-02 4.91349488e-01
    7.61245713e-02 2.76816618e-02 3.46020758e-02 2.42214538e-02
    9.68858153e-02 1.66089967e-01 9.68858153e-02 4.49827015e-02
    5.88235296e-02 3.63321811e-01 8.65051895e-02 7.61245713e-02
    7.61245713e-02 2.07612459e-02 6.22837394e-02 3.56401384e-01
    2.76816618e-02 2.42214538e-02 7.61245713e-02 8.30449834e-02
    1.97231844e-01</data></face-0>
