<?xml version="1.0"?>
<opencv_storage>
<radius>2</radius>
<neighbors>8</neighbors>
<grid_x>7</grid_x>
<grid_y>7</grid_y>
<num_faces>1</num_faces>
<face-0 type_id="opencv-matrix">
  <rows>49</rows>
  <cols>10</cols>
  <dt>f</dt>
  <data>
    1.30400002e-01 1.17199995e-01 6.71999976e-02 6.19999990e-02
    6.39999956e-02 5.59999980e-02 5.63999973e-02 1.08399995e-01
    7.80000016e-02 2.60399997e-01 1.44799992e-01 1.15999997e-01
    6.19999990e-02 5.39999977e-02 4.55999970e-02 4.67999987e-02
    4.67999987e-02 1.05200000e-01 9.43999961e-02 2.84399986e-01
    1.54799998e-01 1.30799994e-01 5.99999987e-02 4.60000001e-02
    5.71999997e-02 5.04000001e-02 4.71999981e-02 9.47999954e-02
    7.84000009e-02 2.80399978e-01 1.17199995e-01 1.23599999e-01
    8.63999948e-02 1.10799998e-01 1.16799995e-01 6.23999983e-02
    5.31999990e-02 6.96000010e-02 5.39999977e-02 2.06000000e-01
    1.18000001e-01 1.11599997e-01 9.31999981e-02 1.15199998e-01
    1.12799995e-01 7.71999955e-02 5.55999987e-02 6.27999976e-02
    6.19999990e-02 1.91599995e-01 1.26800001e-01 1.06399998e-01
    8.32000002e-02 1.08399995e-01 1.81999996e-01 6.19999990e-02
    5.11999987e-02 5.19999973e-02 4.19999994e-02 1.85999990e-01
    1.21999994e-01 1.10799998e-01 8.63999948e-02 1.19999997e-01
    1.59599990e-01 7.11999983e-02 4.31999974e-02 5.35999984e-02
    4.31999974e-02 1.89999998e-01 8.19999948e-02 8.55999961e-02
    5.19999973e-02 5.48000000e-02 5.24000004e-02 4.95999977e-02
    4.12000008e-02 6.59999996e-02 3.35199982e-01 1.81199998e-01
    7.40000010e-02 7.88000003e-02 4.67999987e-02 3.11999992e-02
    4.03999984e-02 3.72000001e-02 4.80000004e-02 7.95999989e-02
    3.46799999e-01 2.17199996e-01 9.20000002e-02 1.01999998e-01
    5.59999980e-02 6.67999983e-02 1.46399990e-01 5.39999977e-02
    3.87999974e-02 8.47999975e-02 1.25599995e-01 2.33599991e-01
    9.47999954e-02 9.75999981e-02 6.83999956e-02 7.88000003e-02
    1.31999999e-01 7.91999996e-02 6.15999997e-02 7.75999948e-02
    9.60000008e-02 2.14000002e-01 1.11999996e-02 1.64000001e-02
    1.87999997e-02 3.39999981e-02 3.95999998e-02 2.31999997e-02
    2.52000000e-02 3.31999995e-02 7.32800007e-01 6.56000003e-02
    7.31999949e-02 7.63999969e-02 9.23999995e-02 1.57999992e-01
    1.99999988e-01 9.35999975e-02 5.87999970e-02 5.43999970e-02
    4.87999991e-02 1.44400001e-01 5.39999977e-02 5.83999977e-02
    7.19999969e-02 1.34399995e-01 2.85600007e-01 7.75999948e-02
    3.59999985e-02 4.27999981e-02 1.19999997e-01 1.19199999e-01
    2.96000000e-02 2.47999988e-02 2.55999994e-02 3.28000002e-02
    3.63999978e-02 3.63999978e-02 2.08000001e-02 1.99999996e-02
    7.17199981e-01 5.63999973e-02 3.99999972e-03 4.79999976e-03
    3.99999990e-04 7.19999988e-03 1.67999994e-02 1.20000001e-02
    4.79999976e-03 1.91999990e-02 9.08800006e-01 2.19999999e-02
    7.36000016e-02 7.19999969e-02 4.60000001e-02 9.71999988e-02
    2.03599989e-01 8.32000002e-02 3.99999991e-02 8.43999982e-02
    1.04399994e-01 1.95599988e-01 5.24000004e-02 5.27999997e-02
    3.79999988e-02 6.07999973e-02 1.07599996e-01 5.99999987e-02
    4.99999970e-02 6.48000017e-02 3.66400003e-01 1.47200003e-01
    1.27999997e-02 2.35999990e-02 3.55999991e-02 1.12799995e-01
    1.90799996e-01 7.51999989e-02 4.07999977e-02 3.92000005e-02
    3.94400001e-01 7.47999996e-02 6.23999983e-02 6.71999976e-02
    6.52000010e-02 1.03599995e-01 1.56399995e-01 8.72000009e-02
    5.83999977e-02 5.92000000e-02 1.82399988e-01 1.57999992e-01
    4.39999998e-02 5.87999970e-02 6.03999980e-02 9.43999961e-02
    1.32799998e-01 6.63999990e-02 5.59999980e-02 5.83999977e-02
    2.99199998e-01 1.29600003e-01 9.99999978e-03 7.19999988e-03
    1.31999999e-02 2.03999989e-02 2.23999992e-02 2.19999999e-02
    1.35999992e-02 1.48000000e-02 8.48399997e-01 2.79999990e-02
    1.59999996e-03 3.99999990e-04 0. 1.59999996e-03 1.19999994e-03
    1.59999996e-03 2.39999988e-03 3.99999972e-03 9.82799947e-01
    4.39999998e-03 1.31999999e-02 2.03999989e-02 3.83999981e-02
    8.47999975e-02 1.06799997e-01 6.87999949e-02 2.87999995e-02
    2.31999997e-02 5.67600012e-01 4.80000004e-02 1.00400001e-01
    9.79999974e-02 1.14000000e-01 1.56000003e-01 1.20799996e-01
    8.59999955e-02 5.15999980e-02 3.87999974e-02 8.63999948e-02
    1.48000002e-01 1.67999994e-02 2.47999988e-02 5.35999984e-02
    1.44400001e-01 2.42399991e-01 1.02799997e-01 3.79999988e-02
    3.95999998e-02 2.76400000e-01 6.11999966e-02 4.55999970e-02
    6.59999996e-02 7.03999996e-02 9.27999988e-02 1.35199994e-01
    7.23999962e-02 5.31999990e-02 6.11999966e-02 2.69199997e-01
    1.34000003e-01 5.27999997e-02 6.39999956e-02 4.91999984e-02
    8.11999962e-02 9.95999947e-02 7.47999996e-02 5.39999977e-02
    6.48000017e-02 3.27199996e-01 1.32399991e-01 2.11999994e-02
    2.43999995e-02 3.55999991e-02 5.31999990e-02 6.23999983e-02
    3.79999988e-02 2.84000002e-02 3.35999988e-02 6.26399994e-01
    7.67999962e-02 1.51999993e-02 2.27999985e-02 2.55999994e-02
    3.99999991e-02 5.07999994e-02 3.79999988e-02 2.87999995e-02
    3.28000002e-02 6.72399998e-01 7.36000016e-02 5.19999973e-02
    6.71999976e-02 7.67999962e-02 1.55199990e-01 2.45199993e-01
    9.20000002e-02 5.07999994e-02 6.67999983e-02 5.24000004e-02
    1.41599998e-01 8.47999975e-02 8.59999955e-02 8.76000002e-02
    1.36799991e-01 2.03599989e-01 8.35999995e-02 5.92000000e-02
    5.63999973e-02 4.60000001e-02 1.56000003e-01 5.43999970e-02
    5.92000000e-02 7.63999969e-02 1.71599999e-01 2.19999999e-01
    1.02399997e-01 5.19999973e-02 3.87999974e-02 1.31200001e-01
    9.39999968e-02 7.00000003e-02 6.87999949e-02 8.28000009e-02
    1.07199997e-01 1.41999990e-01 8.11999962e-02 5.27999997e-02
    4.75999974e-02 1.95199996e-01 1.52400002e-01 7.44000003e-02
    8.76000002e-02 6.87999949e-02 1.07199997e-01 1.08399995e-01
    7.51999989e-02 5.63999973e-02 6.15999997e-02 1.99999988e-01
    1.60400003e-01 1.02399997e-01 8.83999988e-02 7.75999948e-02
    1.25599995e-01 2.16399997e-01 9.20000002e-02 5.19999973e-02
    4.75999974e-02 3.72000001e-02 1.60799995e-01 1.03199996e-01
    1.01599999e-01 8.63999948e-02 1.21999994e-01 1.28399998e-01
    1.00400001e-01 5.19999973e-02 6.35999963e-02 4.67999987e-02
    1.95599988e-01 5.55999987e-02 7.36000016e-02 8.63999948e-02
    1.34399995e-01 2.08799988e-01 7.51999989e-02 5.63999973e-02
    6.56000003e-02 8.32000002e-02 1.60799995e-01 4.27999981e-02
    6.79999962e-02 8.67999941e-02 1.57999992e-01 1.75999999e-01
    9.55999941e-02 5.43999970e-02 5.48000000e-02 1.36799991e-01
    1.26800001e-01 8.07999969e-02 7.91999996e-02 8.24000016e-02
    9.83999968e-02 1.51600003e-01 7.84000009e-02 5.75999990e-02
    7.11999983e-02 1.15999997e-01 1.84399992e-01 9.47999954e-02
    9.83999968e-02 7.84000009e-02 1.35199994e-01 1.97200000e-01
    9.64000002e-02 4.71999981e-02 5.35999984e-02 4.47999984e-02
    1.53999999e-01 9.20000002e-02 7.71999955e-02 7.95999989e-02
    1.20399997e-01 1.61200002e-01 6.63999990e-02 4.47999984e-02
    4.03999984e-02 1.81999996e-01 1.35999992e-01 4.76399988e-01
    2.07599998e-01 2.67999992e-02 1.94799989e-01 5.99999987e-02
    8.39999970e-03 1.99999986e-03 1.99999986e-03 2.79999990e-03
    1.91999990e-02 2.94799984e-01 1.87999994e-01 3.24000008e-02
    1.77599996e-01 9.83999968e-02 2.52000000e-02 1.07999993e-02
    1.91999990e-02 1.04399994e-01 4.91999984e-02 2.47999988e-02
    2.19999999e-02 1.39999995e-02 3.63999978e-02 7.03999996e-02
    3.63999978e-02 1.59999989e-02 2.52000000e-02 7.03999996e-01
    5.07999994e-02 3.68000008e-02 4.51999977e-02 3.15999985e-02
    5.43999970e-02 1.43600002e-01 3.68000008e-02 1.96000002e-02
    3.51999998e-02 5.18799961e-01 7.80000016e-02 2.19999999e-02
    2.99999993e-02 2.40000002e-02 5.24000004e-02 1.20399997e-01
    3.35999988e-02 1.20000001e-02 2.11999994e-02 6.20799959e-01
    6.35999963e-02 1.20000001e-02 1.71999987e-02 9.20000020e-03
    2.23999992e-02 5.43999970e-02 8.79999995e-03 7.59999966e-03
    1.71999987e-02 8.11199963e-01 3.99999991e-02 0. 0. 0. 3.99999990e-04
