<?xml version="1.0"?>
<opencv_storage>
<radius>2</radius>
<neighbors>8</neighbors>
<grid_x>7</grid_x>
<grid_y>7</grid_y>
<num_faces>1</num_faces>
<face-0 type_id="opencv-matrix">
  <rows>49</rows>
  <cols>10</cols>
  <dt>f</dt>
  <data>
    1.11111112e-01 8.64197537e-02 1.23456791e-02 7.40740746e-02
    2.71604955e-01 6.17283955e-02 3.70370373e-02 1.23456791e-01
    7.40740746e-02 1.48148149e-01 3.70370373e-02 3.70370373e-02
    2.46913582e-02 1.11111112e-01 5.55555582e-01 2.46913582e-02
    1.23456791e-02 6.17283955e-02 6.17283955e-02 7.40740746e-02
    2.46913582e-02 3.70370373e-02 1.23456791e-01 1.97530866e-01
    2.83950627e-01 7.40740746e-02 2.46913582e-02 7.40740746e-02
    1.23456791e-02 1.48148149e-01 0. 1.23456791e-02 2.46913582e-02
    1.35802478e-01 5.18518507e-01 7.40740746e-02 2.46913582e-02
    2.46913582e-02 6.17283955e-02 1.23456791e-01 0. 6.17283955e-02
    4.93827164e-02 1.85185194e-01 3.95061731e-01 1.35802478e-01
    7.40740746e-02 4.93827164e-02 0. 4.93827164e-02 2.46913582e-02
    6.17283955e-02 9.87654328e-02 1.97530866e-01 3.45679015e-01
    8.64197537e-02 0. 1.23456791e-02 8.64197537e-02 8.64197537e-02
    1.23456791e-02 8.64197537e-02 8.64197537e-02 2.59259254e-01
    3.20987642e-01 1.11111112e-01 6.17283955e-02 3.70370373e-02
    1.23456791e-02 1.23456791e-02 0. 0. 4.93827164e-02 3.33333343e-01
    2.46913582e-01 6.17283955e-02 1.23456791e-02 1.23456791e-02
    2.83950627e-01 0. 0. 3.70370373e-02 8.64197537e-02 7.40740746e-02
    1.72839507e-01 1.35802478e-01 1.23456791e-02 2.46913582e-02
    3.45679015e-01 1.11111112e-01 3.70370373e-02 1.23456791e-02
    1.11111112e-01 1.35802478e-01 1.48148149e-01 1.11111112e-01
    1.23456791e-01 4.93827164e-02 1.85185194e-01 8.64197537e-02 0. 0. 0.
    1.23456791e-02 6.17283955e-02 2.46913582e-02 0. 0. 8.88888896e-01
    1.23456791e-02 0. 0. 0. 7.40740746e-02 2.09876537e-01 6.17283955e-02
    0. 2.46913582e-02 5.80246925e-01 4.93827164e-02 0. 0. 3.70370373e-02
    1.60493821e-01 2.09876537e-01 3.70370373e-02 2.46913582e-02
    3.70370373e-02 4.19753075e-01 7.40740746e-02 0. 0. 2.46913582e-02
    1.85185194e-01 3.08641970e-01 9.87654328e-02 6.17283955e-02
    2.46913582e-02 2.34567910e-01 6.17283955e-02 0. 0. 0. 0. 0. 0. 0. 0.
    1. 0. 0. 0. 0. 0. 4.93827164e-02 0. 0. 1.23456791e-02 9.13580239e-01
    2.46913582e-02 1.23456791e-02 8.64197537e-02 4.93827164e-02
    7.40740746e-02 2.09876537e-01 7.40740746e-02 4.93827164e-02
    1.60493821e-01 1.60493821e-01 1.23456791e-01 0. 0. 0. 0.
    1.23456791e-02 0. 0. 2.46913582e-02 9.13580239e-01 4.93827164e-02 0.
    0. 0. 0. 1.23456791e-02 2.46913582e-02 2.46913582e-02 1.11111112e-01
    7.28395045e-01 9.87654328e-02 0. 1.23456791e-02 1.23456791e-02
    4.93827164e-02 9.87654328e-02 8.64197537e-02 3.70370373e-02
    1.23456791e-01 4.07407403e-01 1.72839507e-01 1.23456791e-02 0.
    3.70370373e-02 3.70370373e-02 1.35802478e-01 8.64197537e-02
    6.17283955e-02 7.40740746e-02 4.19753075e-01 1.35802478e-01 0. 0. 0.
    0. 0. 0. 0. 0. 1. 0. 0. 0. 0. 0. 0. 0. 0. 0. 1. 0. 0. 1.23456791e-02
    1.23456791e-02 2.46913582e-02 7.40740746e-02 2.46913582e-02
    3.70370373e-02 4.93827164e-02 7.53086448e-01 1.23456791e-02 0. 0. 0.
    0. 1.23456791e-02 0. 0. 0. 9.87654328e-01 0. 0. 0. 0. 0.
    2.46913582e-02 0. 2.46913582e-02 2.46913582e-02 9.25925910e-01 0. 0.
    0. 1.23456791e-02 1.23456791e-02 1.11111112e-01 3.70370373e-02
    2.46913582e-02 1.60493821e-01 4.32098776e-01 2.09876537e-01 0. 0. 0.
    0. 8.64197537e-02 1.23456791e-02 0. 7.40740746e-02 7.53086448e-01
    7.40740746e-02 0. 0. 0. 0. 0. 0. 0. 0. 1. 0. 0. 0. 0. 0. 0. 0. 0. 0.
    1. 0. 0. 1.23456791e-02 1.23456791e-02 7.40740746e-02 1.23456791e-01
    1.23456791e-01 4.93827164e-02 8.64197537e-02 4.69135821e-01
    4.93827164e-02 0. 0. 0. 1.23456791e-02 1.23456791e-02 0.
    3.70370373e-02 1.23456791e-02 9.13580239e-01 1.23456791e-02 0. 0. 0.
    0. 0. 0. 0. 2.46913582e-02 9.50617313e-01 2.46913582e-02 0. 0.
    1.23456791e-02 1.23456791e-02 2.46913582e-02 1.23456791e-02
    1.23456791e-02 9.87654328e-02 7.28395045e-01 9.87654328e-02 0. 0. 0.
    0. 0. 0. 1.23456791e-02 4.93827164e-02 9.01234567e-01 3.70370373e-02
    0. 0. 0. 0. 0. 0. 0. 0. 1. 0. 0. 0. 0. 0. 0. 0. 0. 0. 1. 0.
    1.23456791e-02 3.70370373e-02 6.17283955e-02 2.46913582e-02
    1.60493821e-01 6.17283955e-02 2.46913582e-02 1.72839507e-01
    3.33333343e-01 1.11111112e-01 0. 0. 0. 1.23456791e-02 2.46913582e-02
    2.46913582e-02 1.23456791e-02 3.70370373e-02 8.51851881e-01
    3.70370373e-02 0. 0. 0. 0. 0. 0. 0. 0. 9.87654328e-01 1.23456791e-02
    1.23456791e-02 2.46913582e-02 2.46913582e-02 7.40740746e-02
    9.87654328e-02 1.23456791e-02 9.87654328e-02 7.40740746e-02
    4.56790119e-01 1.23456791e-01 3.70370373e-02 2.46913582e-02 0.
    2.46913582e-02 8.64197537e-02 4.93827164e-02 4.93827164e-02
    6.17283955e-02 5.67901254e-01 9.87654328e-02 0. 0. 0. 9.87654328e-02
    2.22222224e-01 4.93827164e-02 0. 0. 6.29629612e-01 0. 0. 0. 0.
    6.17283955e-02 1.35802478e-01 4.93827164e-02 0. 2.46913582e-02
    7.03703701e-01 2.46913582e-02 0. 0. 0. 2.46913582e-02 3.70370373e-02
    8.64197537e-02 4.93827164e-02 1.23456791e-01 6.54321015e-01
    2.46913582e-02 0. 0. 0. 0. 0. 3.70370373e-02 2.46913582e-02
    4.93827164e-02 8.88888896e-01 0. 0. 1.23456791e-02 2.46913582e-02
    3.70370373e-02 1.48148149e-01 4.93827164e-02 1.23456791e-02 0.
    6.54321015e-01 6.17283955e-02 8.64197537e-02 4.93827164e-02
    9.87654328e-02 8.64197537e-02 2.34567910e-01 2.46913582e-02
    1.23456791e-02 6.17283955e-02 1.23456791e-01 2.22222224e-01
    3.70370373e-02 7.40740746e-02 7.40740746e-02 4.93827164e-02
    1.23456791e-01 2.46913582e-02 0. 6.17283955e-02 3.08641970e-01
    2.46913582e-01</data></face-0>
