<?xml version="1.0"?>
<opencv_storage>
<radius>2</radius>
<neighbors>8</neighbors>
<grid_x>7</grid_x>
<grid_y>7</grid_y>
<num_faces>1</num_faces>
<face-0 type_id="opencv-matrix">
  <rows>49</rows>
  <cols>10</cols>
  <dt>f</dt>
  <data>
    3.08641978e-02 5.86419776e-02 2.46913582e-02 8.33333358e-02
    4.41358030e-01 1.85185187e-02 2.16049384e-02 6.17283955e-02
    1.41975313e-01 1.17283955e-01 6.17283955e-02 4.62962985e-02
    6.17283955e-03 7.40740746e-02 3.42592597e-01 4.62962985e-02
    2.46913582e-02 7.71604925e-02 1.97530866e-01 1.23456791e-01
    1.85185187e-02 7.09876567e-02 8.95061716e-02 1.54320985e-01
    2.56172836e-01 1.11111112e-01 6.17283955e-02 4.01234552e-02
    8.95061716e-02 1.08024694e-01 9.25925933e-03 1.54320989e-02
    6.17283955e-03 6.48148134e-02 3.24074090e-01 3.08641978e-02
    2.46913582e-02 4.32098769e-02 4.04320985e-01 7.71604925e-02 0. 0. 0.
    0. 7.40740746e-02 9.25925933e-03 6.17283955e-03 3.70370373e-02
    8.64197552e-01 9.25925933e-03 1.23456791e-02 3.08641978e-02
    1.54320989e-02 1.23456791e-02 9.25925933e-03 6.17283955e-03
    4.62962985e-02 2.46913582e-02 7.37654328e-01 1.04938269e-01
    7.71604925e-02 1.29629627e-01 5.55555560e-02 2.77777780e-02
    6.48148134e-02 4.32098769e-02 7.71604925e-02 9.87654328e-02
    1.57407403e-01 2.68518507e-01 0. 0. 0. 0. 2.16049384e-02 0. 0. 0.
    9.78395045e-01 0. 0. 0. 0. 0. 0. 0. 0. 0. 1. 0. 2.46913582e-02
    6.48148134e-02 3.70370373e-02 9.56790149e-02 2.50000000e-01
    1.29629627e-01 5.24691343e-02 6.17283955e-02 1.85185194e-01
    9.87654328e-02 3.08641978e-03 1.23456791e-02 2.46913582e-02
    3.70370373e-02 2.25308642e-01 1.04938269e-01 2.77777780e-02
    6.17283955e-03 5.46296299e-01 1.23456791e-02 2.46913582e-02
    2.46913582e-02 3.70370373e-02 8.02469105e-02 2.19135806e-01
    5.86419776e-02 3.39506194e-02 4.93827164e-02 3.85802478e-01
    8.64197537e-02 2.77777780e-02 4.01234552e-02 3.39506194e-02
    1.08024694e-01 2.53086418e-01 7.09876567e-02 3.08641978e-02
    8.33333358e-02 2.68518507e-01 8.33333358e-02 2.77777780e-02
    6.17283955e-02 4.01234552e-02 8.02469105e-02 1.08024694e-01
    3.08641978e-02 2.77777780e-02 8.33333358e-02 4.04320985e-01
    1.35802478e-01 0. 0. 0. 0. 0. 0. 0. 0. 1. 0. 0. 0. 0. 0. 0. 0. 0. 0.
    1. 0. 9.25925933e-03 2.46913582e-02 4.62962985e-02 1.45061731e-01
    3.88888896e-01 1.63580254e-01 5.86419776e-02 4.01234552e-02
    6.17283955e-02 6.17283955e-02 2.16049384e-02 3.39506194e-02
    4.93827164e-02 1.38888896e-01 2.34567910e-01 1.48148149e-01
    7.40740746e-02 2.46913582e-02 2.06790119e-01 6.79012388e-02 0. 0.
    6.17283955e-03 1.54320989e-02 4.01234552e-02 4.32098769e-02
    3.08641978e-02 6.17283955e-03 8.30246925e-01 2.77777780e-02 0.
    1.85185187e-02 4.01234552e-02 1.32716045e-01 1.79012343e-01
    6.48148134e-02 3.70370373e-02 1.54320989e-02 5.03086448e-01
    9.25925933e-03 1.85185187e-02 2.77777780e-02 5.24691343e-02
    1.75925925e-01 2.96296299e-01 1.08024694e-01 4.32098769e-02
    4.32098769e-02 1.63580254e-01 7.09876567e-02 0. 0. 0. 0. 0. 0. 0. 0.
    1. 0. 0. 0. 0. 6.17283955e-03 9.56790149e-02 0. 0. 0. 8.98148179e-01
    0. 0. 6.17283955e-03 1.54320989e-02 1.41975313e-01 3.95061731e-01
    1.32716045e-01 4.01234552e-02 2.16049384e-02 2.19135806e-01
    2.77777780e-02 0. 0. 0. 1.23456791e-02 4.01234552e-02 4.01234552e-02
    3.08641978e-03 0. 9.01234567e-01 3.08641978e-03 0. 0. 0.
    3.08641978e-03 4.01234552e-02 2.77777780e-02 2.46913582e-02
    6.17283955e-03 8.85802448e-01 1.23456791e-02 0. 0. 3.08641978e-03
    7.40740746e-02 1.88271612e-01 8.02469105e-02 4.32098769e-02
    2.77777780e-02 5.64814806e-01 1.85185187e-02 2.16049384e-02
    4.93827164e-02 8.33333358e-02 1.01851851e-01 3.88888896e-01
    1.14197530e-01 7.40740746e-02 4.93827164e-02 5.24691343e-02
    6.48148134e-02 0. 0. 0. 0. 0. 0. 0. 0. 1. 0. 0. 1.23456791e-02 0.
    1.23456791e-02 2.90123463e-01 1.54320989e-02 2.16049384e-02
    9.25925933e-03 6.23456776e-01 1.54320989e-02 4.62962985e-02
    7.09876567e-02 1.14197530e-01 1.48148149e-01 1.88271612e-01
    1.29629627e-01 5.86419776e-02 7.40740746e-02 4.01234552e-02
    1.29629627e-01 0. 9.25925933e-03 1.23456791e-02 1.11111112e-01
    2.77777791e-01 9.56790149e-02 3.70370373e-02 2.16049384e-02
    4.04320985e-01 3.08641978e-02 0. 1.23456791e-02 1.54320989e-02
    5.55555560e-02 1.69753090e-01 7.71604925e-02 4.32098769e-02
    5.86419776e-02 5.15432119e-01 5.24691343e-02 0. 6.17283955e-03
    3.08641978e-02 1.08024694e-01 3.54938269e-01 1.29629627e-01
    3.70370373e-02 3.08641978e-02 2.46913582e-01 5.55555560e-02
    6.17283955e-02 8.02469105e-02 3.70370373e-02 1.20370373e-01
    3.39506179e-01 9.87654328e-02 6.79012388e-02 4.93827164e-02
    3.08641978e-02 1.14197530e-01 0. 0. 0. 5.24691343e-02 1.41975313e-01
    2.16049384e-02 0. 0. 7.83950627e-01 0. 3.08641978e-03 2.46913582e-02
    9.25925933e-03 8.95061716e-02 1.63580254e-01 7.40740746e-02
    3.70370373e-02 9.25925933e-03 5.77160478e-01 1.23456791e-02
    1.54320989e-02 4.32098769e-02 9.87654328e-02 1.29629627e-01
    3.67283940e-01 1.17283955e-01 5.55555560e-02 4.62962985e-02
    6.17283955e-02 6.48148134e-02 2.77777780e-02 4.93827164e-02
    6.48148134e-02 1.57407403e-01 2.37654328e-01 8.33333358e-02
    1.08024694e-01 5.55555560e-02 1.41975313e-01 7.40740746e-02
    1.85185187e-02 5.55555560e-02 1.11111112e-01 1.60493821e-01
    1.26543209e-01 9.56790149e-02 8.95061716e-02 5.24691343e-02
    1.72839507e-01 1.17283955e-01 3.08641978e-03 1.23456791e-02
    8.64197537e-02 1.75925925e-01 2.87037045e-01 1.79012343e-01
    6.79012388e-02 2.77777780e-02 1.04938269e-01 5.55555560e-02
    3.08641978e-02 3.70370373e-02 1.32716045e-01 2.06790119e-01
    2.25308642e-01 1.75925925e-01 9.25925970e-02 2.16049384e-02
    1.23456791e-02 6.48148134e-02 4.32098769e-02 3.08641978e-02
    5.86419776e-02 1.85185194e-01 3.48765433e-01 1.04938269e-01
    4.93827164e-02 3.70370373e-02 2.46913582e-02 1.17283955e-01
    1.85185187e-02 4.32098769e-02 5.86419776e-02 4.62962985e-02
    4.93827164e-01 5.86419776e-02 3.39506194e-02 2.77777780e-02
    1.51234567e-01 6.79012388e-02 6.17283955e-03 1.54320989e-02 0.
    5.24691343e-02 3.02469134e-01 1.35802478e-01 9.25925933e-03 0.
    4.66049373e-01 1.23456791e-02 2.16049384e-02 4.62962985e-02
    8.64197537e-02 1.63580254e-01 1.69753090e-01 1.63580254e-01
    4.01234552e-02 2.16049384e-02 2.43827164e-01 4.32098769e-02
    7.40740746e-02 1.08024694e-01 1.23456791e-01 1.35802478e-01
    1.32716045e-01 9.56790149e-02 3.70370373e-02 6.79012388e-02
    6.17283955e-02 1.63580254e-01 2.46913582e-02 9.56790149e-02
    8.33333358e-02 1.23456791e-01 3.54938269e-01 1.04938269e-01
    6.48148134e-02 4.32098769e-02 1.85185187e-02 8.64197537e-02
    4.32098769e-02 7.40740746e-02 8.33333358e-02 1.97530866e-01
    3.20987642e-01 8.95061716e-02 3.08641978e-02 4.01234552e-02
    2.46913582e-02 9.56790149e-02</data></face-0>
