<?xml version="1.0"?>
<opencv_storage>
<radius>2</radius>
<neighbors>8</neighbors>
<grid_x>7</grid_x>
<grid_y>7</grid_y>
<num_faces>1</num_faces>
<face-0 type_id="opencv-matrix">
  <rows>49</rows>
  <cols>10</cols>
  <dt>f</dt>
  <data>
    4.88888919e-02 7.99999982e-02 1.06666669e-01 8.88888910e-02
    2.22222224e-01 1.02222227e-01 7.99999982e-02 8.88888910e-02
    5.33333346e-02 1.28888890e-01 0. 4.44444455e-03 6.22222237e-02
    1.55555561e-01 4.04444456e-01 9.77777839e-02 1.33333337e-02
    2.22222228e-02 2.04444453e-01 3.55555564e-02 0. 0. 0. 6.66666701e-02
    2.97777772e-01 3.11111119e-02 4.44444455e-03 1.33333337e-02
    5.55555582e-01 3.11111119e-02 0. 0. 3.11111119e-02 6.22222237e-02
    9.33333337e-02 3.11111119e-02 3.99999991e-02 3.99999991e-02
    6.31111145e-01 7.11111128e-02 0. 0. 0. 0. 8.44444484e-02
    3.11111119e-02 4.88888919e-02 3.99999991e-02 7.91111112e-01
    4.44444455e-03 0. 0. 0. 0. 8.88888910e-03 8.88888910e-03
    8.88888910e-03 2.66666673e-02 9.42222238e-01 4.44444455e-03 0. 0. 0.
    0. 0. 0. 0. 0. 1. 0. 1.33333337e-02 5.33333346e-02 7.99999982e-02
    1.55555561e-01 1.77777782e-01 1.64444447e-01 7.11111128e-02
    4.44444455e-02 1.42222226e-01 9.77777839e-02 0. 0. 3.99999991e-02
    5.33333346e-02 7.11111128e-02 3.99999991e-02 7.55555555e-02
    2.66666673e-02 6.71111107e-01 2.22222228e-02 0. 0. 3.99999991e-02
    1.33333340e-01 3.24444443e-01 1.33333340e-01 5.33333346e-02
    4.44444455e-02 2.13333338e-01 5.77777773e-02 8.88888910e-03
    1.33333337e-02 8.88888910e-03 8.88888910e-03 1.28888890e-01
    2.66666673e-02 2.22222228e-02 6.66666701e-02 6.84444487e-01
    3.11111119e-02 0. 0. 0. 0. 0. 0. 0. 0. 1. 0. 0. 0. 0. 4.44444455e-03
    3.55555564e-02 3.11111119e-02 3.55555564e-02 5.33333346e-02
    8.04444492e-01 3.55555564e-02 4.44444455e-03 1.33333337e-02
    1.33333337e-02 5.33333346e-02 9.77777839e-02 3.55555564e-02
    2.66666673e-02 5.77777773e-02 6.22222245e-01 7.55555555e-02 0.
    4.44444455e-03 3.55555564e-02 5.77777773e-02 7.99999982e-02
    5.77777773e-02 7.99999982e-02 7.99999982e-02 5.37777781e-01
    6.66666701e-02 0. 0. 0. 2.66666673e-02 9.33333337e-02 2.66666673e-02
    8.88888910e-03 0. 8.44444454e-01 0. 8.88888910e-03 2.66666673e-02
    6.66666701e-02 2.04444453e-01 2.80000001e-01 1.59999996e-01
    8.88888910e-02 5.77777773e-02 5.77777773e-02 4.88888919e-02 0. 0.
    8.88888910e-03 5.33333346e-02 1.77777782e-01 8.44444484e-02
    1.33333337e-02 3.11111119e-02 5.77777803e-01 5.33333346e-02 0. 0. 0.
    0. 0. 0. 0. 0. 1. 0. 0. 0. 0. 0. 0. 0. 0. 0. 1. 0. 1.33333337e-02
    2.22222228e-02 3.11111119e-02 1.33333340e-01 2.13333338e-01
    1.28888890e-01 5.33333346e-02 3.55555564e-02 3.06666672e-01
    6.22222237e-02 0. 0. 4.44444455e-03 0. 4.44444455e-03 4.44444455e-03
    4.44444455e-03 8.88888910e-03 9.73333359e-01 0. 0. 0. 1.77777782e-02
    3.55555564e-02 1.20000005e-01 5.77777773e-02 8.88888910e-03 0.
    7.59999990e-01 0. 0. 0. 0. 1.77777782e-01 2.80000001e-01
    1.73333332e-01 4.44444455e-02 0. 3.02222222e-01 2.22222228e-02 0. 0.
    0. 4.44444455e-03 2.66666673e-02 1.33333337e-02 0. 0. 9.55555558e-01
    0. 0. 0. 1.33333337e-02 5.77777773e-02 8.44444484e-02 1.11111112e-01
    5.77777773e-02 2.66666673e-02 6.31111145e-01 1.77777782e-02 0. 0.
    4.44444455e-03 6.22222237e-02 9.77777839e-02 7.99999982e-02
    2.66666673e-02 0. 7.28888929e-01 0. 8.88888910e-03 3.55555564e-02
    7.55555555e-02 1.33333340e-01 2.35555559e-01 7.99999982e-02
    6.22222237e-02 9.33333337e-02 1.91111118e-01 8.44444484e-02 0. 0. 0.
    4.44444455e-02 1.20000005e-01 6.66666701e-02 3.11111119e-02
    4.44444455e-02 6.75555587e-01 1.77777782e-02 0. 0. 0. 1.33333337e-02
    3.06666672e-01 2.22222228e-02 8.88888910e-03 2.22222228e-02
    6.13333344e-01 1.33333337e-02 2.22222228e-02 4.44444455e-02
    6.66666701e-02 1.20000005e-01 2.93333352e-01 1.42222226e-01
    6.22222237e-02 8.44444484e-02 4.88888919e-02 1.15555555e-01 0. 0. 0.
    1.33333337e-02 9.33333337e-02 3.55555564e-02 0. 0. 8.57777774e-01 0.
    0. 0. 0. 3.55555564e-02 9.77777839e-02 1.15555555e-01 7.55555555e-02
    3.99999991e-02 6.22222245e-01 1.33333337e-02 0. 0. 0. 2.22222228e-02
    1.73333332e-01 3.55555564e-02 4.44444455e-03 0. 7.64444470e-01 0.
    3.11111119e-02 6.66666701e-02 5.77777773e-02 1.33333340e-01
    2.48888895e-01 1.06666669e-01 7.55555555e-02 7.55555555e-02
    9.33333337e-02 1.11111112e-01 0. 0. 4.88888919e-02 7.55555555e-02
    7.55555555e-02 5.33333346e-02 6.66666701e-02 1.33333337e-02
    6.57777786e-01 8.88888910e-03 0. 0. 1.33333337e-02 2.22222228e-02
    2.00000003e-01 6.22222237e-02 3.99999991e-02 6.66666701e-02
    5.82222223e-01 1.33333337e-02 1.33333337e-02 3.11111119e-02
    3.11111119e-02 1.55555561e-01 2.84444451e-01 6.22222237e-02
    1.77777782e-02 1.15555555e-01 1.95555568e-01 9.33333337e-02 0. 0. 0.
    0. 6.66666701e-02 4.44444455e-03 0. 0. 9.28888917e-01 0. 0. 0. 0.
    8.88888910e-03 0. 1.33333337e-02 0. 0. 9.77777779e-01 0. 0. 0.
    8.88888910e-03 4.88888919e-02 1.02222227e-01 7.99999982e-02
    2.22222228e-02 0. 7.33333349e-01 4.44444455e-03 3.55555564e-02
    3.99999991e-02 1.15555555e-01 1.77777782e-01 1.82222232e-01
    2.04444453e-01 8.88888910e-02 3.99999991e-02 2.22222228e-02
    9.33333337e-02 8.88888910e-03 4.88888919e-02 7.11111128e-02
    2.53333330e-01 3.60000014e-01 1.33333340e-01 2.66666673e-02
    1.33333337e-02 4.88888919e-02 3.55555564e-02 0. 0. 0. 4.88888919e-02
    3.64444464e-01 9.77777839e-02 4.88888919e-02 4.44444455e-03
    4.31111127e-01 4.44444455e-03 0. 0. 0. 3.55555564e-02 1.11111112e-01
    6.22222237e-02 0. 0. 7.91111112e-01 0. 0. 0. 0. 4.44444455e-03
    2.22222228e-02 2.22222228e-02 0. 0. 9.42222238e-01 8.88888910e-03
    4.44444455e-03 4.44444455e-03 2.66666673e-02 3.55555564e-02
    9.33333337e-02 1.02222227e-01 3.99999991e-02 2.66666673e-02
    6.04444444e-01 6.22222237e-02 4.44444455e-02 3.55555564e-02
    3.55555564e-02 1.11111112e-01 1.68888897e-01 1.33333340e-01
    6.22222237e-02 6.66666701e-02 2.35555559e-01 1.06666669e-01
    2.22222228e-02 3.55555564e-02 6.22222237e-02 1.55555561e-01
    2.08888888e-01 6.66666701e-02 6.66666701e-02 7.99999982e-02
    1.68888897e-01 1.33333340e-01</data></face-0>
