<?xml version="1.0"?>
<opencv_storage>
<radius>2</radius>
<neighbors>8</neighbors>
<grid_x>7</grid_x>
<grid_y>7</grid_y>
<num_faces>1</num_faces>
<face-0 type_id="opencv-matrix">
  <rows>49</rows>
  <cols>10</cols>
  <dt>f</dt>
  <data>
    7.95847774e-02 5.88235296e-02 1.10726647e-01 1.66089967e-01
    1.90311432e-01 1.14186853e-01 7.61245713e-02 3.80622856e-02
    3.11418697e-02 1.34948105e-01 2.42214538e-02 2.42214538e-02
    3.11418697e-02 2.04152256e-01 3.32179934e-01 1.24567479e-01
    5.88235296e-02 2.07612459e-02 1.45328730e-01 3.46020758e-02
    2.07612459e-02 3.11418697e-02 1.03806229e-02 8.65051895e-02
    1.48788929e-01 7.95847774e-02 5.53633235e-02 4.84429076e-02
    4.08304513e-01 1.10726647e-01 0. 6.92041544e-03 2.07612459e-02
    2.76816618e-02 1.62629768e-01 2.76816618e-02 4.84429076e-02
    7.26643652e-02 5.77854693e-01 5.53633235e-02 0. 0. 0. 3.46020772e-03
    1.03806229e-02 2.07612459e-02 2.76816618e-02 1.73010379e-02
    9.16955054e-01 3.46020772e-03 0. 0. 0. 0. 6.92041544e-03
    6.92041544e-03 2.07612459e-02 3.11418697e-02 9.34256077e-01 0. 0. 0.
    0. 0. 0. 3.46020772e-03 0. 0. 9.96539831e-01 0. 1.73010379e-02
    5.53633235e-02 9.34256092e-02 1.55709341e-01 2.56055385e-01
    1.55709341e-01 8.30449834e-02 8.65051895e-02 2.76816618e-02
    6.92041516e-02 0. 0. 0. 3.11418697e-02 5.53633235e-02 1.73010379e-02
    3.46020772e-03 0. 8.92733574e-01 0. 3.46020772e-03 1.03806229e-02
    4.15224917e-02 6.92041516e-02 4.84429076e-02 8.65051895e-02
    7.95847774e-02 7.26643652e-02 5.32871962e-01 5.53633235e-02 0.
    3.46020772e-03 1.73010379e-02 3.11418697e-02 2.76816618e-02
    3.80622856e-02 3.46020758e-02 3.11418697e-02 8.02768171e-01
    1.38408309e-02 0. 0. 0. 0. 0. 0. 0. 0. 1. 0. 0. 0. 0. 0. 0. 0. 0. 0.
    1. 0. 0. 0. 0. 2.76816618e-02 7.26643652e-02 2.07612459e-02
    4.15224917e-02 3.46020758e-02 7.61245728e-01 4.15224917e-02
    6.92041544e-03 0. 1.73010379e-02 7.95847774e-02 2.14532882e-01
    6.22837394e-02 3.46020772e-03 6.92041544e-03 5.95155716e-01
    1.38408309e-02 0. 0. 0. 3.46020772e-03 0. 1.38408309e-02 0. 0.
    9.82698977e-01 0. 2.42214538e-02 5.53633235e-02 4.15224917e-02
    8.99654031e-02 9.34256092e-02 1.03806235e-01 5.19031174e-02
    1.14186853e-01 2.80276835e-01 1.45328730e-01 6.92041544e-03
    4.15224917e-02 4.15224917e-02 9.68858153e-02 1.28027692e-01
    1.07266441e-01 3.80622856e-02 6.92041516e-02 4.15224940e-01
    5.53633235e-02 0. 0. 3.46020772e-03 1.38408309e-02 1.83391005e-01
    5.88235296e-02 4.84429076e-02 4.84429076e-02 5.98615944e-01
    4.49827015e-02 0. 0. 0. 0. 1.24567479e-01 5.88235296e-02
    2.42214538e-02 3.11418697e-02 7.57785499e-01 3.46020772e-03
    3.46020772e-03 3.46020772e-03 1.38408309e-02 4.84429076e-02
    1.55709341e-01 7.26643652e-02 6.22837394e-02 3.46020758e-02
    5.88235319e-01 1.73010379e-02 0. 1.73010379e-02 4.49827015e-02
    3.80622856e-02 1.07266441e-01 6.92041516e-02 3.46020758e-02
    1.73010379e-02 6.40138447e-01 3.11418697e-02 0. 0. 0. 0. 0. 0. 0. 0.
    1. 0. 1.03806229e-02 6.92041544e-03 2.42214538e-02 3.80622856e-02
    1.03806235e-01 5.19031174e-02 8.65051895e-02 6.57439455e-02
    5.53633213e-01 5.88235296e-02 1.03806229e-02 6.92041544e-03
    1.03806229e-02 1.38408309e-02 5.19031174e-02 1.03806229e-02
    3.46020758e-02 2.76816618e-02 8.06228399e-01 2.76816618e-02 0.
    3.46020772e-03 1.73010379e-02 4.15224917e-02 1.24567479e-01
    6.22837394e-02 2.07612459e-02 1.73010379e-02 7.12802768e-01 0.
    6.92041544e-03 3.46020772e-03 1.38408309e-02 6.92041516e-02
    2.76816607e-01 1.45328730e-01 5.88235296e-02 3.46020758e-02
    3.18339109e-01 7.26643652e-02 4.84429076e-02 7.95847774e-02
    8.30449834e-02 1.07266441e-01 2.80276835e-01 1.14186853e-01
    9.34256092e-02 8.65051895e-02 1.73010379e-02 8.99654031e-02
    1.03806229e-02 5.19031174e-02 7.61245713e-02 2.00692043e-01
    2.69896209e-01 1.17647059e-01 8.65051895e-02 3.80622856e-02
    9.68858153e-02 5.19031174e-02 0. 0. 0. 1.03806229e-02 7.26643652e-02
    4.49827015e-02 1.03806229e-02 0. 8.61591697e-01 0. 2.76816618e-02
    2.42214538e-02 6.92041516e-02 1.38408303e-01 1.86851218e-01
    7.61245713e-02 5.53633235e-02 8.30449834e-02 1.83391005e-01
    1.55709341e-01 2.07612459e-02 2.42214538e-02 2.42214538e-02
    9.34256092e-02 2.31833920e-01 6.92041516e-02 3.11418697e-02
    4.15224917e-02 3.56401384e-01 1.07266441e-01 3.46020772e-03
    2.07612459e-02 6.92041544e-03 7.26643652e-02 2.11072668e-01
    1.00346021e-01 5.88235296e-02 6.57439455e-02 3.80622864e-01
    7.95847774e-02 0. 6.92041544e-03 3.46020772e-03 5.88235296e-02
    2.28373706e-01 1.17647059e-01 2.07612459e-02 5.53633235e-02
    4.80968863e-01 2.76816618e-02 2.07612459e-02 5.53633235e-02
    8.99654031e-02 2.35294119e-01 3.77162635e-01 1.17647059e-01
    4.49827015e-02 2.07612459e-02 1.73010379e-02 2.07612459e-02
    4.84429076e-02 3.80622856e-02 8.65051895e-02 1.79930806e-01
    2.73356408e-01 1.59169555e-01 7.95847774e-02 5.53633235e-02
    1.73010379e-02 6.22837394e-02 0. 0. 0. 1.38408309e-02 1.28027692e-01
    4.15224917e-02 0. 0. 8.16609025e-01 0. 6.92041544e-03 3.46020758e-02
    7.61245713e-02 1.73010379e-01 2.56055385e-01 1.73010379e-01
    8.99654031e-02 4.49827015e-02 7.95847774e-02 6.57439455e-02
    1.38408309e-02 2.07612459e-02 6.92041544e-03 3.11418697e-02
    1.59169555e-01 4.84429076e-02 1.38408309e-02 3.11418697e-02
    6.36678219e-01 3.80622856e-02 3.46020772e-03 1.03806229e-02
    1.03806229e-02 2.76816618e-02 1.45328730e-01 4.15224917e-02
    5.19031174e-02 1.07266441e-01 5.70934296e-01 3.11418697e-02
    1.38408309e-02 6.92041544e-03 6.92041516e-02 2.11072668e-01
    2.28373706e-01 1.00346021e-01 7.95847774e-02 2.76816618e-02
    2.11072668e-01 5.19031174e-02 1.38408309e-02 3.11418697e-02
    1.41868517e-01 2.31833920e-01 2.52595156e-01 1.17647059e-01
    5.88235296e-02 4.15224917e-02 4.15224917e-02 6.92041516e-02
    6.22837394e-02 6.22837394e-02 9.68858153e-02 1.97231844e-01
    2.38754332e-01 1.03806235e-01 5.88235296e-02 4.49827015e-02
    3.46020758e-02 1.00346021e-01 0. 3.46020772e-03 2.07612459e-02
    1.73010379e-01 3.39100361e-01 1.55709341e-01 1.38408309e-02
    6.92041544e-03 2.80276835e-01 6.92041544e-03 0. 1.73010379e-02
    3.11418697e-02 8.30449834e-02 2.42214546e-01 1.28027692e-01
    3.46020758e-02 3.46020758e-02 3.35640162e-01 9.34256092e-02
    2.07612459e-02 5.19031174e-02 1.38408309e-02 2.76816618e-02
    1.14186853e-01 3.46020758e-02 6.92041544e-03 5.88235296e-02
    5.74394464e-01 9.68858153e-02 4.15224917e-02 2.42214538e-02
    3.11418697e-02 1.07266441e-01 1.55709341e-01 1.17647059e-01
    7.61245713e-02 6.57439455e-02 2.49134958e-01 1.31487891e-01
    8.65051895e-02 1.10726647e-01 6.57439455e-02 1.45328730e-01
    1.17647059e-01 1.48788929e-01 6.57439455e-02 4.49827015e-02
    5.19031174e-02 1.62629768e-01 1.55709341e-01 1.17647059e-01
    7.26643652e-02 5.19031174e-02 1.41868517e-01 6.92041516e-02
    3.46020758e-02 6.57439455e-02 8.65051895e-02 2.04152256e-01</data></face-0>
