<?xml version="1.0"?>
<opencv_storage>
<radius>2</radius>
<neighbors>8</neighbors>
<grid_x>7</grid_x>
<grid_y>7</grid_y>
<num_faces>1</num_faces>
<face-0 type_id="opencv-matrix">
  <rows>49</rows>
  <cols>10</cols>
  <dt>f</dt>
  <data>
    0. 0. 0. 4.84429076e-02 1.41868517e-01 2.76816618e-02 0. 0.
    7.82006919e-01 0. 0. 0. 0. 0. 4.15224917e-02 1.73010379e-02 0. 0.
    9.41176474e-01 0. 0. 0. 0. 6.92041544e-03 4.84429076e-02
    3.80622856e-02 3.11418697e-02 0. 8.75432551e-01 0. 0. 0. 0. 0. 0. 0.
    0. 0. 1. 0. 0. 0. 0. 0. 0. 0. 0. 0. 1. 0. 0. 0. 0. 0. 0. 0. 0. 0. 1.
    0. 0. 0. 0. 5.19031174e-02 1.14186853e-01 2.76816618e-02
    6.92041544e-03 0. 7.99308002e-01 0. 0. 0. 0. 2.42214538e-02
    1.52249143e-01 3.80622856e-02 0. 6.92041544e-03 7.75086522e-01
    3.46020772e-03 0. 0. 0. 1.03806229e-02 3.11418697e-02 3.11418697e-02
    2.07612459e-02 1.73010379e-02 8.89273405e-01 0. 1.03806229e-02
    1.03806229e-02 4.15224917e-02 9.34256092e-02 4.42906588e-01
    8.99654031e-02 4.15224917e-02 5.19031174e-02 1.93771631e-01
    2.42214538e-02 0. 0. 0. 3.46020772e-03 1.73010379e-02 0. 0. 0.
    9.79238808e-01 0. 0. 0. 0. 0. 0. 0. 0. 0. 1. 0. 0. 0. 0. 0. 0. 0. 0.
    0. 1. 0. 0. 0. 0. 6.92041544e-03 3.11418697e-02 7.26643652e-02
    4.84429076e-02 6.92041544e-03 8.13148797e-01 2.07612459e-02 0. 0.
    3.46020772e-03 1.73010379e-02 7.61245713e-02 3.46020758e-02
    6.92041544e-03 1.03806229e-02 8.47750902e-01 3.46020772e-03 0. 0. 0.
    1.73010379e-02 1.69550180e-01 3.46020758e-02 1.03806229e-02
    3.46020758e-02 7.30103850e-01 3.46020772e-03 3.46020758e-02
    4.49827015e-02 5.53633235e-02 1.48788929e-01 2.62975782e-01
    2.11072668e-01 6.57439455e-02 5.19031174e-02 2.42214538e-02
    1.00346021e-01 0. 0. 0. 2.42214538e-02 1.21107273e-01 5.53633235e-02
    0. 0. 7.99308002e-01 0. 0. 0. 0. 0. 2.42214538e-02 3.80622856e-02
    1.38408309e-02 0. 9.23875451e-01 0. 0. 0. 0. 0. 2.42214538e-02
    2.07612459e-02 6.92041544e-03 0. 9.48096931e-01 0. 3.46020772e-03
    3.46020772e-03 6.92041544e-03 8.65051895e-02 2.14532882e-01
    1.45328730e-01 4.49827015e-02 4.84429076e-02 4.01384085e-01
    4.49827015e-02 0. 0. 0. 0. 0. 0. 0. 0. 1. 0. 0. 0. 0. 0.
    5.19031174e-02 3.46020772e-03 0. 0. 9.44636703e-01 0. 0. 0. 0.
    3.46020758e-02 2.04152256e-01 1.55709341e-01 1.38408309e-02 0.
    5.91695547e-01 0. 0. 0. 0. 0. 0. 0. 0. 0. 1. 0. 1.38408309e-02
    3.46020772e-03 2.07612459e-02 4.84429076e-02 1.52249143e-01
    1.10726647e-01 2.42214538e-02 3.46020758e-02 5.67474067e-01
    2.42214538e-02 0. 0. 6.92041544e-03 9.68858153e-02 1.86851218e-01
    8.65051895e-02 6.22837394e-02 1.03806229e-02 5.32871962e-01
    1.73010379e-02 3.11418697e-02 6.57439455e-02 3.46020758e-02
    9.34256092e-02 1.73010379e-01 1.21107273e-01 4.84429076e-02
    1.24567479e-01 9.68858153e-02 2.11072668e-01 0. 0. 0. 0. 0. 0. 0. 0.
    1. 0. 0. 0. 0. 1.73010379e-02 1.21107273e-01 3.11418697e-02 0. 0.
    8.30449879e-01 0. 2.07612459e-02 6.92041544e-03 5.53633235e-02
    1.45328730e-01 3.80622864e-01 2.04152256e-01 4.84429076e-02
    3.11418697e-02 6.22837394e-02 4.49827015e-02 0. 0. 0. 4.49827015e-02
    1.90311432e-01 7.61245713e-02 2.07612459e-02 6.92041544e-03
    6.43598616e-01 1.73010379e-02 0. 0. 1.03806229e-02 3.46020758e-02
    1.28027692e-01 1.41868517e-01 2.76816618e-02 6.57439455e-02
    5.60553670e-01 3.11418697e-02 0. 0. 6.92041544e-03 4.49827015e-02
    1.34948105e-01 5.88235296e-02 3.11418697e-02 2.07612459e-02
    6.74740493e-01 2.76816618e-02 6.92041544e-03 2.07612459e-02
    3.80622856e-02 1.10726647e-01 3.04498285e-01 2.38754332e-01
    5.53633235e-02 1.38408309e-02 1.41868517e-01 6.92041516e-02
    3.46020772e-03 1.38408309e-02 1.73010379e-02 6.92041516e-02
    2.31833920e-01 5.88235296e-02 1.38408309e-02 6.92041544e-03
    5.57093441e-01 2.76816618e-02 0. 0. 0. 4.49827015e-02 9.68858153e-02
    4.49827015e-02 0. 0. 8.13148797e-01 0. 3.46020758e-02 6.22837394e-02
    4.84429076e-02 1.21107273e-01 3.11418682e-01 1.55709341e-01
    7.61245713e-02 6.22837394e-02 4.84429076e-02 7.95847774e-02
    3.46020772e-03 6.92041544e-03 2.07612459e-02 1.17647059e-01
    3.49480987e-01 1.66089967e-01 2.07612459e-02 0. 3.11418682e-01
    3.46020772e-03 0. 0. 0. 3.46020772e-03 3.46020772e-03 3.46020772e-03
    6.92041544e-03 0. 9.82698977e-01 0. 0. 2.07612459e-02 6.22837394e-02
    1.45328730e-01 1.93771631e-01 8.65051895e-02 4.84429076e-02
    3.46020758e-02 3.73702437e-01 3.46020758e-02 4.15224917e-02
    5.53633235e-02 1.03806235e-01 2.07612470e-01 2.97577858e-01
    1.52249143e-01 3.46020758e-02 1.03806229e-02 4.84429076e-02
    4.84429076e-02 3.80622856e-02 1.17647059e-01 1.07266441e-01
    1.07266441e-01 2.52595156e-01 7.95847774e-02 8.30449834e-02
    5.88235296e-02 3.80622856e-02 1.17647059e-01 1.38408309e-02
    3.80622856e-02 7.61245713e-02 2.04152256e-01 3.59861612e-01
    1.17647059e-01 1.03806229e-02 1.73010379e-02 1.10726647e-01
    5.19031174e-02 3.46020758e-02 3.80622856e-02 4.49827015e-02
    2.17993081e-01 3.04498285e-01 1.73010379e-01 4.15224917e-02
    2.42214538e-02 2.76816618e-02 9.34256092e-02 2.76816618e-02
    5.53633235e-02 7.26643652e-02 1.07266441e-01 2.28373706e-01
    1.14186853e-01 6.22837394e-02 5.19031174e-02 2.00692043e-01
    7.95847774e-02 2.07612459e-02 3.80622856e-02 7.61245713e-02
    1.07266441e-01 1.48788929e-01 8.30449834e-02 5.53633235e-02
    3.80622856e-02 3.21799308e-01 1.10726647e-01 5.88235296e-02
    6.57439455e-02 4.49827015e-02 1.31487891e-01 1.24567479e-01
    8.30449834e-02 6.92041516e-02 3.11418697e-02 1.93771631e-01
    1.97231844e-01 1.34948105e-01 1.31487891e-01 1.03806235e-01
    5.88235296e-02 9.34256092e-02 3.46020758e-02 5.88235296e-02
    8.99654031e-02 5.19031174e-02 2.42214546e-01</data></face-0>
