<?xml version="1.0"?>
<opencv_storage>
<radius>2</radius>
<neighbors>8</neighbors>
<grid_x>7</grid_x>
<grid_y>7</grid_y>
<num_faces>1</num_faces>
<face-0 type_id="opencv-matrix">
  <rows>49</rows>
  <cols>10</cols>
  <dt>f</dt>
  <data>
    3.46020772e-03 3.46020772e-03 6.92041544e-03 8.30449834e-02
    2.45674744e-01 4.84429076e-02 1.03806229e-02 1.03806229e-02
    5.74394464e-01 1.38408309e-02 0. 0. 0. 1.03806229e-02 2.28373706e-01
    4.84429076e-02 0. 0. 7.12802768e-01 0. 0. 0. 0. 0. 4.49827015e-02
    2.07612459e-02 0. 0. 9.34256077e-01 0. 0. 0. 0. 0. 0. 0. 0. 0. 1. 0.
    0. 0. 0. 0. 0. 0. 0. 0. 1. 0. 0. 0. 0. 0. 6.92041544e-03 0. 0. 0.
    9.93079603e-01 0. 0. 0. 2.07612459e-02 1.24567479e-01 1.41868517e-01
    6.22837394e-02 4.84429076e-02 2.07612459e-02 5.57093441e-01
    2.42214538e-02 3.46020772e-03 6.92041544e-03 2.42214538e-02
    1.73010379e-02 1.48788929e-01 6.22837394e-02 2.07612459e-02
    1.38408309e-02 6.67820096e-01 3.46020758e-02 0. 0. 0. 0.
    1.38408309e-02 0. 0. 0. 9.86159205e-01 0. 0. 1.03806229e-02
    1.73010379e-02 8.99654031e-02 3.70242238e-01 1.21107273e-01
    8.65051895e-02 2.76816618e-02 2.49134958e-01 2.76816618e-02 0. 0. 0.
    0. 4.49827015e-02 0. 0. 0. 9.55017328e-01 0. 0. 0. 0. 0. 0. 0. 0. 0.
    1. 0. 0. 0. 0. 0. 0. 0. 0. 0. 1. 0. 0. 0. 0. 0. 0. 1.03806229e-02
    1.03806229e-02 1.03806229e-02 9.65397954e-01 3.46020772e-03
    6.92041544e-03 6.92041544e-03 6.92041544e-03 1.38408309e-02
    1.62629768e-01 4.49827015e-02 6.92041544e-03 3.46020772e-03
    7.19723225e-01 2.76816618e-02 0. 0. 0. 6.92041544e-03 9.68858153e-02
    2.76816618e-02 0. 0. 8.68512154e-01 0. 3.46020758e-02 6.22837394e-02
    5.19031174e-02 8.30449834e-02 3.01038086e-01 1.34948105e-01
    5.88235296e-02 1.07266441e-01 4.49827015e-02 1.21107273e-01 0. 0.
    3.46020772e-03 2.07612459e-02 1.86851218e-01 5.19031174e-02
    3.46020772e-03 0. 7.33564019e-01 0. 0. 0. 0. 0. 0. 3.46020772e-03 0.
    0. 9.96539831e-01 0. 0. 0. 0. 0. 0. 3.46020772e-03 0. 0.
    9.96539831e-01 0. 0. 0. 0. 3.46020758e-02 1.28027692e-01
    7.26643652e-02 2.42214538e-02 4.49827015e-02 6.67820096e-01
    2.76816618e-02 0. 0. 0. 0. 0. 0. 0. 0. 1. 0. 0. 0. 0. 0.
    3.46020772e-03 0. 0. 0. 9.96539831e-01 0. 0. 1.03806229e-02
    1.03806229e-02 5.53633235e-02 2.38754332e-01 1.31487891e-01
    3.80622856e-02 6.92041544e-03 5.08650541e-01 0. 0. 0. 0.
    6.92041544e-03 3.46020772e-03 3.46020772e-03 0. 0. 9.86159205e-01 0.
    3.46020772e-03 3.46020772e-03 6.92041544e-03 1.03806229e-02
    1.00346021e-01 7.26643652e-02 3.80622856e-02 2.76816618e-02
    7.19723225e-01 1.73010379e-02 3.46020772e-03 0. 2.42214538e-02
    7.26643652e-02 1.03806235e-01 8.99654031e-02 3.46020758e-02
    2.07612459e-02 6.26297593e-01 2.42214538e-02 3.46020772e-03
    3.46020772e-03 0. 1.21107273e-01 2.73356408e-01 1.28027692e-01
    2.42214538e-02 3.80622856e-02 3.25259537e-01 8.30449834e-02 0. 0. 0.
    0. 0. 0. 0. 0. 1. 0. 0. 0. 0. 0. 2.07612459e-02 6.92041544e-03 0. 0.
    9.72318351e-01 0. 1.73010379e-02 1.03806229e-02 6.92041544e-03
    1.07266441e-01 3.46020758e-01 2.14532882e-01 2.76816618e-02
    3.46020772e-03 2.28373706e-01 3.80622856e-02 0. 3.46020772e-03
    6.92041544e-03 2.76816618e-02 1.14186853e-01 7.95847774e-02
    3.46020772e-03 1.38408309e-02 7.37024248e-01 1.38408309e-02 0. 0.
    3.46020772e-03 2.76816618e-02 1.07266441e-01 1.00346021e-01
    3.46020758e-02 1.73010379e-02 6.88581347e-01 2.07612459e-02
    3.46020772e-03 6.92041544e-03 6.92041544e-03 4.15224917e-02
    1.03806235e-01 1.24567479e-01 1.38408309e-02 1.38408309e-02
    6.64359868e-01 2.07612459e-02 1.38408309e-02 4.15224917e-02
    3.80622856e-02 7.26643652e-02 3.56401384e-01 7.95847774e-02
    2.07612459e-02 9.34256092e-02 1.90311432e-01 9.34256092e-02 0.
    1.03806229e-02 3.46020772e-03 6.22837394e-02 1.52249143e-01
    4.84429076e-02 1.03806229e-02 1.73010379e-02 6.74740493e-01
    2.07612459e-02 0. 0. 0. 3.46020772e-03 2.76816618e-02 1.03806229e-02
    0. 0. 9.58477557e-01 0. 3.80622856e-02 7.95847774e-02 5.53633235e-02
    9.68858153e-02 3.52941185e-01 9.68858153e-02 8.30449834e-02
    7.95847774e-02 3.80622856e-02 7.95847774e-02 6.92041544e-03
    3.46020772e-03 1.73010379e-02 8.65051895e-02 2.94117659e-01
    1.55709341e-01 3.46020772e-03 3.46020772e-03 4.08304513e-01
    2.07612459e-02 0. 0. 0. 0. 0. 0. 0. 0. 1. 0. 0. 0. 0. 0.
    2.07612459e-02 3.46020772e-03 0. 0. 9.75778580e-01 0. 3.11418697e-02
    2.76816618e-02 6.57439455e-02 1.00346021e-01 2.38754332e-01
    1.41868517e-01 5.88235296e-02 2.76816618e-02 2.59515584e-01
    4.84429076e-02 5.19031174e-02 5.88235296e-02 8.99654031e-02
    1.55709341e-01 2.42214546e-01 1.10726647e-01 8.30449834e-02
    6.22837394e-02 2.07612459e-02 1.24567479e-01 3.11418697e-02
    4.84429076e-02 6.92041516e-02 1.28027692e-01 1.79930806e-01
    1.24567479e-01 1.38408309e-02 1.73010379e-02 3.39100361e-01
    4.84429076e-02 3.46020758e-02 8.65051895e-02 6.92041516e-02
    1.31487891e-01 3.14878911e-01 1.83391005e-01 8.30449834e-02
    1.38408309e-02 4.84429076e-02 3.46020758e-02 3.46020772e-03
    2.76816618e-02 1.38408309e-02 1.14186853e-01 2.28373706e-01
    1.48788929e-01 3.46020758e-02 3.46020772e-03 4.08304513e-01
    1.73010379e-02 0. 3.46020772e-03 1.73010379e-02 7.26643652e-02
    1.10726647e-01 6.57439455e-02 2.42214538e-02 6.92041544e-03
    6.67820096e-01 3.11418697e-02 4.15224917e-02 3.46020758e-02
    4.49827015e-02 1.03806235e-01 1.79930806e-01 1.41868517e-01
    6.22837394e-02 5.88235296e-02 2.52595156e-01 7.95847774e-02
    9.68858153e-02 1.17647059e-01 6.22837394e-02 1.38408303e-01
    1.41868517e-01 9.34256092e-02 3.80622856e-02 7.26643652e-02
    4.49827015e-02 1.93771631e-01</data></face-0>
