<?xml version="1.0"?>
<opencv_storage>
<radius>2</radius>
<neighbors>8</neighbors>
<grid_x>7</grid_x>
<grid_y>7</grid_y>
<num_faces>1</num_faces>
<face-0 type_id="opencv-matrix">
  <rows>49</rows>
  <cols>10</cols>
  <dt>f</dt>
  <data>
    0. 0. 0. 2.76816618e-02 5.19031174e-02 3.46020758e-02 0. 0.
    8.85813177e-01 0. 0. 0. 0. 0. 1.73010379e-02 0. 0. 0. 9.82698977e-01
    0. 0. 0. 0. 1.03806229e-02 7.95847774e-02 8.30449834e-02
    3.46020758e-02 3.46020772e-03 7.88927376e-01 0. 0. 0. 0. 0. 0. 0. 0.
    0. 1. 0. 0. 0. 0. 0. 0. 0. 0. 0. 1. 0. 0. 0. 0. 0. 0. 0. 0. 0. 1. 0.
    0. 0. 3.46020772e-03 6.92041516e-02 9.68858153e-02 3.46020758e-02
    6.92041544e-03 3.46020772e-03 7.85467148e-01 0. 0. 0. 0.
    1.38408309e-02 1.66089967e-01 3.80622856e-02 3.46020772e-03
    3.46020772e-03 7.68166125e-01 6.92041544e-03 0. 0. 1.03806229e-02
    1.03806229e-02 7.95847774e-02 2.76816618e-02 2.07612459e-02
    2.07612459e-02 8.30449879e-01 0. 1.03806229e-02 3.11418697e-02
    2.76816618e-02 1.38408303e-01 3.56401384e-01 1.10726647e-01
    2.76816618e-02 6.22837394e-02 1.62629768e-01 7.26643652e-02 0. 0. 0.
    6.92041544e-03 1.38408309e-02 1.03806229e-02 6.92041544e-03 0.
    9.61937726e-01 0. 0. 0. 0. 0. 0. 0. 0. 0. 1. 0. 0. 0. 0. 0. 0. 0. 0.
    0. 1. 0. 0. 0. 0. 3.46020772e-03 2.07612459e-02 4.84429076e-02
    3.80622856e-02 1.03806229e-02 8.78892779e-01 0. 0. 0. 0.
    2.76816618e-02 3.80622856e-02 2.76816618e-02 1.38408309e-02
    3.46020772e-03 8.89273405e-01 0. 0. 0. 0. 2.42214538e-02
    1.66089967e-01 5.19031174e-02 6.92041544e-03 4.15224917e-02
    6.98961973e-01 1.03806229e-02 3.46020758e-02 3.80622856e-02
    6.22837394e-02 1.52249143e-01 2.56055385e-01 2.04152256e-01
    7.26643652e-02 4.49827015e-02 3.80622856e-02 9.68858153e-02 0. 0. 0.
    1.03806229e-02 9.34256092e-02 4.15224917e-02 0. 0. 8.54671299e-01 0.
    0. 0. 0. 3.46020772e-03 3.46020758e-02 4.84429076e-02 2.76816618e-02
    6.92041544e-03 8.78892779e-01 0. 0. 0. 0. 0. 1.73010379e-02
    2.07612459e-02 0. 0. 9.61937726e-01 0. 0. 0. 0. 5.88235296e-02
    2.76816607e-01 9.68858153e-02 2.07612459e-02 5.88235296e-02
    4.49827015e-01 3.80622856e-02 0. 0. 0. 0. 0. 0. 0. 0. 1. 0. 0. 0. 0.
    3.46020772e-03 3.46020758e-02 2.42214538e-02 0. 0. 9.37716305e-01 0.
    0. 0. 3.46020772e-03 3.80622856e-02 1.93771631e-01 1.21107273e-01
    3.46020772e-03 0. 6.40138447e-01 0. 0. 0. 0. 0. 0. 0. 0. 0. 1. 0.
    3.46020772e-03 1.38408309e-02 1.73010379e-02 6.57439455e-02
    1.93771631e-01 1.17647059e-01 3.46020758e-02 3.46020758e-02
    5.05190313e-01 1.38408309e-02 0. 6.92041544e-03 1.03806229e-02
    8.30449834e-02 1.28027692e-01 1.21107273e-01 6.57439455e-02
    1.38408309e-02 5.67474067e-01 3.46020772e-03 1.38408309e-02
    1.03806229e-02 6.92041544e-03 1.14186853e-01 4.11764711e-01
    7.95847774e-02 6.92041544e-03 5.53633235e-02 2.14532882e-01
    8.65051895e-02 0. 0. 0. 0. 0. 0. 0. 3.46020772e-03 9.96539831e-01 0.
    0. 0. 0. 3.46020758e-02 1.48788929e-01 4.84429076e-02 3.46020772e-03
    0. 7.64705896e-01 0. 2.42214538e-02 2.07612459e-02 6.22837394e-02
    1.07266441e-01 3.80622864e-01 1.34948105e-01 7.95847774e-02
    3.80622856e-02 5.19031174e-02 1.00346021e-01 0. 0. 0. 7.61245713e-02
    2.04152256e-01 8.30449834e-02 0. 0. 6.33217990e-01 3.46020772e-03 0.
    0. 3.46020772e-03 4.15224917e-02 9.68858153e-02 1.14186853e-01
    5.19031174e-02 5.19031174e-02 6.12456739e-01 2.76816618e-02 0.
    3.46020772e-03 1.38408309e-02 1.38408309e-02 6.92041516e-02
    3.11418697e-02 2.07612459e-02 2.76816618e-02 7.85467148e-01
    3.46020758e-02 1.03806229e-02 2.07612459e-02 3.80622856e-02
    1.10726647e-01 3.46020758e-01 1.31487891e-01 5.19031174e-02
    5.53633235e-02 1.73010379e-01 6.22837394e-02 1.03806229e-02
    1.03806229e-02 1.73010379e-02 7.61245713e-02 2.56055385e-01
    6.57439455e-02 2.42214538e-02 2.42214538e-02 4.84429091e-01
    3.11418697e-02 0. 0. 0. 5.19031174e-02 1.59169555e-01 5.19031174e-02
    3.46020772e-03 0. 7.33564019e-01 0. 3.46020758e-02 5.53633235e-02
    4.49827015e-02 1.41868517e-01 2.97577858e-01 1.28027692e-01
    8.65051895e-02 9.34256092e-02 2.76816618e-02 8.99654031e-02
    1.38408309e-02 2.42214538e-02 1.38408309e-02 1.10726647e-01
    2.17993081e-01 1.38408303e-01 2.07612459e-02 1.03806229e-02
    4.04844314e-01 4.49827015e-02 0. 0. 6.92041544e-03 1.73010379e-02
    6.92041544e-03 1.73010379e-02 6.92041544e-03 0. 9.44636703e-01 0.
    3.46020772e-03 1.03806229e-02 3.46020758e-02 1.41868517e-01
    1.93771631e-01 1.17647059e-01 4.84429076e-02 1.38408309e-02
    4.11764711e-01 2.42214538e-02 2.76816618e-02 8.30449834e-02
    1.17647059e-01 1.90311432e-01 2.73356408e-01 1.17647059e-01
    6.92041516e-02 1.73010379e-02 3.46020758e-02 6.92041516e-02
    4.15224917e-02 9.34256092e-02 1.24567479e-01 7.61245713e-02
    3.04498285e-01 1.14186853e-01 4.49827015e-02 6.22837394e-02
    3.46020758e-02 1.03806235e-01 3.11418697e-02 4.49827015e-02
    1.07266441e-01 2.17993081e-01 2.83737034e-01 1.41868517e-01
    2.76816618e-02 2.42214538e-02 4.15224917e-02 7.95847774e-02
    4.49827015e-02 5.53633235e-02 5.53633235e-02 1.38408303e-01
    3.04498285e-01 1.66089967e-01 4.84429076e-02 2.42214538e-02
    4.15224917e-02 1.21107273e-01 3.11418697e-02 4.49827015e-02
    8.30449834e-02 8.99654031e-02 2.21453294e-01 1.28027692e-01
    5.53633235e-02 4.84429076e-02 2.14532882e-01 8.30449834e-02
    2.76816618e-02 5.88235296e-02 7.26643652e-02 8.65051895e-02
    1.76470593e-01 8.99654031e-02 4.84429076e-02 6.22837394e-02
    2.59515584e-01 1.17647059e-01 8.65051895e-02 6.92041516e-02
    6.22837394e-02 8.99654031e-02 9.68858153e-02 4.49827015e-02
    7.26643652e-02 5.88235296e-02 1.93771631e-01 2.24913508e-01
    1.59169555e-01 1.73010379e-01 8.30449834e-02 5.53633235e-02
    4.84429076e-02 5.53633235e-02 3.80622856e-02 6.57439455e-02
    5.88235296e-02 2.62975782e-01</data></face-0>
