<?xml version="1.0"?>
<opencv_storage>
<radius>2</radius>
<neighbors>8</neighbors>
<grid_x>7</grid_x>
<grid_y>7</grid_y>
<num_faces>1</num_faces>
<face-0 type_id="opencv-matrix">
  <rows>49</rows>
  <cols>10</cols>
  <dt>f</dt>
  <data>
    1.64444447e-01 7.11111128e-02 3.99999991e-02 6.66666701e-02
    2.08888888e-01 1.77777782e-02 5.33333346e-02 5.77777773e-02
    7.11111128e-02 2.48888895e-01 2.22222228e-02 3.55555564e-02
    5.77777773e-02 1.46666676e-01 3.60000014e-01 6.22222237e-02
    2.66666673e-02 3.99999991e-02 1.20000005e-01 1.28888890e-01
    5.33333346e-02 1.11111112e-01 1.37777776e-01 1.24444447e-01
    8.88888910e-02 1.11111112e-01 7.99999982e-02 1.11111112e-01
    5.77777773e-02 1.24444447e-01 0. 3.11111119e-02 3.55555564e-02
    1.77777782e-02 7.99999982e-02 1.77777782e-02 7.11111128e-02
    7.99999982e-02 5.86666703e-01 7.99999982e-02 0. 0. 8.88888910e-03
    3.99999991e-02 1.11111112e-01 2.22222228e-02 3.55555564e-02
    5.33333346e-02 6.97777808e-01 3.11111119e-02 0. 0. 0. 0.
    3.99999991e-02 0. 0. 0. 9.60000038e-01 0. 1.33333337e-02
    3.11111119e-02 4.44444455e-03 5.77777773e-02 1.91111118e-01
    7.99999982e-02 2.66666673e-02 4.44444455e-02 4.84444469e-01
    6.66666701e-02 0. 2.22222228e-02 4.44444455e-02 1.77777782e-01
    5.95555544e-01 1.28888890e-01 2.66666673e-02 0. 0. 4.44444455e-03
    8.88888910e-03 4.44444455e-02 6.22222237e-02 1.59999996e-01
    3.28888893e-01 1.24444447e-01 4.44444455e-02 6.22222237e-02
    1.28888890e-01 3.55555564e-02 3.55555564e-02 5.33333346e-02
    8.44444484e-02 1.15555555e-01 2.40000010e-01 1.77777782e-01
    9.33333337e-02 5.33333346e-02 7.55555555e-02 7.11111128e-02
    3.99999991e-02 5.33333346e-02 5.33333346e-02 1.42222226e-01
    2.66666681e-01 1.11111112e-01 5.77777773e-02 6.22222237e-02
    1.02222227e-01 1.11111112e-01 1.33333337e-02 7.11111128e-02
    7.11111128e-02 1.37777776e-01 1.91111118e-01 1.02222227e-01
    2.22222228e-02 7.55555555e-02 2.22222224e-01 9.33333337e-02
    7.55555555e-02 4.44444455e-02 9.33333337e-02 1.86666667e-01
    2.22222224e-01 1.24444447e-01 6.66666701e-02 5.33333346e-02
    1.33333337e-02 1.20000005e-01 9.33333337e-02 6.22222237e-02
    1.77777782e-02 1.51111111e-01 2.31111109e-01 1.06666669e-01
    7.99999982e-02 5.77777773e-02 2.22222228e-02 1.77777782e-01
    6.22222237e-02 5.77777773e-02 1.02222227e-01 1.91111118e-01
    2.53333330e-01 5.77777773e-02 7.99999982e-02 2.22222228e-02
    1.06666669e-01 6.66666701e-02 0. 0. 4.44444455e-03 8.88888910e-02
    2.75555551e-01 6.22222237e-02 1.33333337e-02 8.44444484e-02
    4.44444448e-01 2.66666673e-02 1.77777782e-02 7.11111128e-02
    7.11111128e-02 1.77777782e-01 1.64444447e-01 1.37777776e-01
    5.77777773e-02 5.33333346e-02 1.20000005e-01 1.28888890e-01 0.
    2.22222228e-02 9.77777839e-02 7.11111128e-02 3.64444464e-01
    1.37777776e-01 2.66666673e-02 2.66666673e-02 1.37777776e-01
    1.15555555e-01 3.99999991e-02 2.66666673e-02 5.33333346e-02
    2.00000003e-01 2.22222224e-01 7.11111128e-02 6.66666701e-02
    7.99999982e-02 1.42222226e-01 9.77777839e-02 4.44444455e-02
    4.88888919e-02 8.88888910e-02 1.82222232e-01 2.62222230e-01
    1.37777776e-01 7.99999982e-02 2.66666673e-02 4.44444455e-02
    8.44444484e-02 2.66666673e-02 5.77777773e-02 1.55555561e-01
    2.44444445e-01 2.13333338e-01 1.02222227e-01 5.33333346e-02
    1.77777782e-02 3.99999991e-02 8.88888910e-02 4.44444455e-03
    4.44444455e-03 4.88888919e-02 2.75555551e-01 4.00000006e-01
    2.13333338e-01 3.11111119e-02 4.44444455e-03 0. 1.77777782e-02
    4.44444455e-02 3.11111119e-02 5.77777773e-02 2.71111131e-01
    2.08888888e-01 1.06666669e-01 3.11111119e-02 9.33333337e-02
    6.66666701e-02 8.88888910e-02 4.44444455e-03 2.66666673e-02
    2.22222228e-02 8.88888910e-02 1.24444447e-01 1.33333340e-01
    8.88888910e-02 5.33333346e-02 3.64444464e-01 9.33333337e-02 0. 0.
    1.77777782e-02 1.33333337e-02 1.15555555e-01 3.99999991e-02
    2.66666673e-02 2.66666673e-02 7.33333349e-01 2.66666673e-02 0.
    4.44444455e-03 3.11111119e-02 1.11111112e-01 2.04444453e-01
    6.22222237e-02 3.11111119e-02 3.11111119e-02 5.02222240e-01
    2.22222228e-02 2.22222228e-02 7.55555555e-02 6.66666701e-02
    1.15555555e-01 3.33333343e-01 1.06666669e-01 6.22222237e-02
    7.11111128e-02 3.99999991e-02 1.06666669e-01 5.33333346e-02
    1.11111112e-01 5.33333346e-02 1.24444447e-01 3.82222235e-01
    8.44444484e-02 2.22222228e-02 4.88888919e-02 1.33333337e-02
    1.06666669e-01 0. 1.33333337e-02 7.11111128e-02 3.77777785e-01
    3.86666685e-01 1.06666669e-01 2.22222228e-02 4.44444455e-03
    8.88888910e-03 8.88888910e-03 2.66666673e-02 2.66666673e-02
    9.33333337e-02 1.55555561e-01 3.42222244e-01 9.33333337e-02
    1.33333337e-02 5.77777773e-02 1.11111112e-01 7.99999982e-02
    6.22222237e-02 7.11111128e-02 7.99999982e-02 9.33333337e-02
    1.20000005e-01 9.77777839e-02 5.77777773e-02 1.06666669e-01
    1.59999996e-01 1.51111111e-01 8.88888910e-03 7.55555555e-02
    9.33333337e-02 1.11111112e-01 3.60000014e-01 1.02222227e-01
    3.55555564e-02 6.66666701e-02 5.33333346e-02 9.33333337e-02
    1.33333337e-02 4.44444455e-02 5.77777773e-02 2.53333330e-01
    1.86666667e-01 1.02222227e-01 1.02222227e-01 3.99999991e-02
    1.33333340e-01 6.66666701e-02 8.88888910e-03 3.55555564e-02
    7.99999982e-02 1.64444447e-01 3.73333335e-01 1.02222227e-01
    8.88888910e-02 3.11111119e-02 2.22222228e-02 9.33333337e-02
    3.99999991e-02 8.88888910e-02 1.64444447e-01 1.95555568e-01
    2.66666681e-01 7.55555555e-02 3.55555564e-02 5.77777773e-02
    8.88888910e-03 6.66666701e-02 0. 2.66666673e-02 5.33333346e-02
    2.80000001e-01 4.71111119e-01 1.06666669e-01 2.66666673e-02
    4.44444455e-03 8.88888910e-03 2.22222228e-02 4.44444455e-02
    5.33333346e-02 3.11111119e-02 1.51111111e-01 4.00000006e-01
    8.88888910e-02 4.44444455e-03 7.11111128e-02 7.99999982e-02
    7.55555555e-02 3.11111119e-02 7.11111128e-02 7.99999982e-02
    1.06666669e-01 1.82222232e-01 1.28888890e-01 5.33333346e-02
    6.66666701e-02 1.28888890e-01 1.51111111e-01 3.11111119e-02
    2.66666673e-02 7.99999982e-02 1.33333340e-01 3.68888885e-01
    1.73333332e-01 6.22222237e-02 2.66666673e-02 3.99999991e-02
    5.77777773e-02 3.11111119e-02 3.55555564e-02 8.88888910e-02
    1.82222232e-01 2.48888895e-01 1.06666669e-01 4.88888919e-02
    3.99999991e-02 1.51111111e-01 6.66666701e-02 6.66666701e-02
    3.55555564e-02 5.77777773e-02 2.62222230e-01 3.24444443e-01
    1.33333340e-01 3.11111119e-02 1.33333337e-02 8.88888910e-03
    6.66666701e-02 2.22222228e-02 2.22222228e-02 1.06666669e-01
    2.44444445e-01 2.84444451e-01 7.11111128e-02 9.33333337e-02
    5.33333346e-02 1.77777782e-02 8.44444484e-02 1.73333332e-01
    9.77777839e-02 7.55555555e-02 2.22222224e-01 2.08888888e-01
    7.99999982e-02 1.33333337e-02 2.22222228e-02 1.77777782e-02
    8.88888910e-02 3.11111119e-02 5.77777773e-02 1.02222227e-01
    1.77777782e-01 3.82222235e-01 6.22222237e-02 3.11111119e-02
    4.88888919e-02 1.33333337e-02 9.33333337e-02 5.33333346e-02
    6.22222237e-02 1.15555555e-01 1.28888890e-01 1.91111118e-01
    1.24444447e-01 8.88888910e-02 5.33333346e-02 6.66666701e-02
    1.15555555e-01 0. 6.66666701e-02 1.20000005e-01 1.95555568e-01
    2.08888888e-01 5.33333346e-02 4.44444455e-02 8.44444484e-02
    1.11111112e-01 1.15555555e-01 3.99999991e-02 3.11111119e-02
    8.88888910e-02 1.28888890e-01 2.13333338e-01 2.66666673e-02
    3.99999991e-02 8.44444484e-02 2.00000003e-01 1.46666676e-01
    2.66666673e-02 3.55555564e-02 3.99999991e-02 1.59999996e-01
    2.00000003e-01 7.99999982e-02 5.33333346e-02 6.22222237e-02
    2.04444453e-01 1.37777776e-01 5.77777773e-02 5.33333346e-02
    3.55555564e-02 1.33333340e-01 2.84444451e-01 8.88888910e-02
    8.88888910e-02 3.99999991e-02 7.99999982e-02 1.37777776e-01</data></face-0>
