<?xml version="1.0"?>
<opencv_storage>
<radius>2</radius>
<neighbors>8</neighbors>
<grid_x>7</grid_x>
<grid_y>7</grid_y>
<num_faces>1</num_faces>
<face-0 type_id="opencv-matrix">
  <rows>49</rows>
  <cols>10</cols>
  <dt>f</dt>
  <data>
    4.84429076e-02 9.68858153e-02 6.57439455e-02 1.34948105e-01
    2.42214546e-01 6.57439455e-02 4.84429076e-02 9.34256092e-02
    3.80622856e-02 1.66089967e-01 2.42214538e-02 2.42214538e-02
    4.84429076e-02 1.83391005e-01 3.63321811e-01 1.38408303e-01
    5.53633235e-02 6.22837394e-02 2.76816618e-02 7.26643652e-02
    8.30449834e-02 3.46020758e-02 3.80622856e-02 9.34256092e-02
    4.04844314e-01 6.57439455e-02 2.76816618e-02 5.88235296e-02
    6.92041516e-02 1.24567479e-01 1.73010379e-02 1.38408309e-02
    1.38408309e-02 4.15224917e-02 1.00346021e-01 8.99654031e-02
    7.61245713e-02 7.95847774e-02 4.77508664e-01 8.99654031e-02 0.
    3.46020772e-03 6.92041544e-03 3.11418697e-02 1.76470593e-01
    1.21107273e-01 5.53633235e-02 4.15224917e-02 5.32871962e-01
    3.11418697e-02 9.34256092e-02 1.24567479e-01 7.61245713e-02
    6.92041516e-02 7.61245713e-02 4.84429076e-02 6.57439455e-02
    6.92041516e-02 1.73010379e-01 2.04152256e-01 7.61245713e-02
    6.92041516e-02 3.80622856e-02 1.45328730e-01 3.56401384e-01
    8.65051895e-02 1.73010379e-02 4.84429076e-02 2.42214538e-02
    1.38408303e-01 0. 3.46020772e-03 0. 6.92041544e-03 1.69550180e-01
    3.46020772e-03 1.03806229e-02 3.11418697e-02 7.50865102e-01
    2.42214538e-02 0. 0. 0. 3.46020772e-03 6.92041516e-02 0.
    3.46020772e-03 0. 9.23875451e-01 0. 4.15224917e-02 5.88235296e-02
    4.84429076e-02 4.15224917e-02 3.28719735e-01 5.88235296e-02
    6.57439455e-02 6.57439455e-02 2.00692043e-01 8.99654031e-02
    6.92041544e-03 6.92041544e-03 1.73010379e-02 9.34256092e-02
    1.76470593e-01 1.31487891e-01 1.38408309e-02 1.73010379e-02
    5.29411793e-01 6.92041544e-03 0. 0. 0. 2.07612459e-02 3.46020758e-02
    3.46020772e-03 1.38408309e-02 6.92041544e-03 9.16955054e-01
    3.46020772e-03 3.11418697e-02 6.22837394e-02 1.00346021e-01
    1.69550180e-01 1.66089967e-01 1.28027692e-01 7.95847774e-02
    2.42214538e-02 1.62629768e-01 7.61245713e-02 4.15224917e-02
    6.57439455e-02 7.26643652e-02 1.28027692e-01 2.94117659e-01
    1.41868517e-01 7.61245713e-02 6.22837394e-02 1.73010379e-02
    1.00346021e-01 0. 0. 0. 0. 0. 0. 0. 0. 1. 0. 0. 0. 0. 0. 0. 0. 0. 0.
    1. 0. 2.42214538e-02 6.22837394e-02 4.15224917e-02 8.99654031e-02
    3.70242238e-01 1.48788929e-01 7.26643652e-02 5.88235296e-02
    4.84429076e-02 8.30449834e-02 0. 1.73010379e-02 2.42214538e-02
    3.80622856e-02 1.86851218e-01 8.30449834e-02 3.11418697e-02
    3.11418697e-02 5.70934296e-01 1.73010379e-02 0. 0. 0. 0.
    3.80622856e-02 3.80622856e-02 1.38408309e-02 6.92041544e-03
    9.03114200e-01 0. 6.92041544e-03 0. 0. 2.42214538e-02 1.97231844e-01
    6.22837394e-02 1.38408309e-02 3.46020758e-02 6.40138447e-01
    2.07612459e-02 4.49827015e-02 6.57439455e-02 1.34948105e-01
    1.97231844e-01 2.00692043e-01 1.28027692e-01 7.61245713e-02
    1.03806229e-02 2.07612459e-02 1.21107273e-01 0. 0. 0. 0. 0. 0. 0. 0.
    1. 0. 0. 0. 0. 0. 3.46020758e-02 0. 0. 0. 9.65397954e-01 0. 0. 0.
    1.03806229e-02 1.17647059e-01 3.94463688e-01 1.66089967e-01
    3.11418697e-02 0. 2.62975782e-01 1.73010379e-02 0. 0. 0. 0.
    3.11418697e-02 1.38408309e-02 1.03806229e-02 0. 9.44636703e-01 0.
    6.92041544e-03 1.03806229e-02 4.15224917e-02 1.00346021e-01
    2.14532882e-01 1.00346021e-01 6.57439455e-02 4.15224917e-02
    3.73702437e-01 4.49827015e-02 0. 3.46020772e-03 1.03806229e-02
    1.10726647e-01 3.91003460e-01 1.62629768e-01 3.11418697e-02
    6.22837394e-02 1.69550180e-01 5.88235296e-02 2.07612459e-02
    4.84429076e-02 6.57439455e-02 1.38408303e-01 3.18339109e-01
    1.00346021e-01 5.88235296e-02 4.15224917e-02 1.45328730e-01
    6.22837394e-02 0. 0. 0. 0. 0. 0. 0. 0. 1. 0. 0. 0. 0. 1.38408309e-02
    1.55709341e-01 4.49827015e-02 6.92041544e-03 2.42214538e-02
    7.47404873e-01 6.92041544e-03 4.84429076e-02 5.88235296e-02
    8.65051895e-02 9.68858153e-02 2.69896209e-01 1.76470593e-01
    8.99654031e-02 4.49827015e-02 3.11418697e-02 9.68858153e-02 0. 0.
    3.46020772e-03 2.07612459e-02 1.00346021e-01 3.11418697e-02 0. 0.
    8.40830505e-01 3.46020772e-03 0. 0. 0. 3.11418697e-02 1.03806235e-01
    6.57439455e-02 5.88235296e-02 2.42214538e-02 7.09342599e-01
    6.92041544e-03 1.73010379e-02 2.42214538e-02 2.76816618e-02
    7.26643652e-02 2.80276835e-01 6.57439455e-02 6.92041544e-03
    4.84429076e-02 3.94463688e-01 6.22837394e-02 2.07612459e-02
    3.46020758e-02 5.53633235e-02 1.59169555e-01 2.66435981e-01
    7.95847774e-02 5.19031174e-02 4.49827015e-02 2.21453294e-01
    6.57439455e-02 0. 0. 3.46020772e-03 1.38408309e-02 4.84429076e-02
    1.73010379e-02 2.42214538e-02 4.15224917e-02 8.44290674e-01
    6.92041544e-03 0. 0. 3.46020758e-02 2.42214538e-02 8.99654031e-02
    2.76816618e-02 3.46020758e-02 3.46020758e-02 7.30103850e-01
    2.42214538e-02 2.42214538e-02 6.57439455e-02 6.57439455e-02
    1.24567479e-01 3.49480987e-01 1.17647059e-01 5.88235296e-02
    7.61245713e-02 3.11418697e-02 8.65051895e-02 0. 0. 0. 1.38408309e-02
    7.95847774e-02 4.15224917e-02 6.92041544e-03 0. 8.58131528e-01 0. 0.
    0. 0. 6.92041544e-03 0. 0. 0. 0. 9.93079603e-01 0. 4.15224917e-02
    4.84429076e-02 7.61245713e-02 1.34948105e-01 1.83391005e-01
    1.59169555e-01 6.57439455e-02 2.07612459e-02 2.24913508e-01
    4.49827015e-02 5.53633235e-02 7.95847774e-02 1.31487891e-01
    1.90311432e-01 2.11072668e-01 1.07266441e-01 7.26643652e-02
    3.11418697e-02 2.42214538e-02 9.68858153e-02 1.03806229e-02
    6.92041544e-03 2.07612459e-02 1.93771631e-01 2.66435981e-01
    1.00346021e-01 3.46020758e-02 2.07612459e-02 3.28719735e-01
    1.73010379e-02 0. 0. 0. 5.88235296e-02 2.97577858e-01 7.61245713e-02
    1.03806229e-02 6.92041544e-03 5.32871962e-01 1.73010379e-02
    3.46020772e-03 6.92041544e-03 0. 1.38408309e-02 2.17993081e-01
    1.17647059e-01 3.46020772e-03 0. 6.29757822e-01 6.92041544e-03 0. 0.
    0. 1.38408309e-02 1.03806229e-02 2.07612459e-02 3.46020772e-03
    3.46020772e-03 9.30795848e-01 1.73010379e-02 1.38408309e-02
    4.15224917e-02 8.30449834e-02 7.61245713e-02 9.34256092e-02
    8.30449834e-02 5.88235296e-02 2.76816618e-02 4.80968863e-01
    4.15224917e-02 6.22837394e-02 8.65051895e-02 1.31487891e-01
    1.55709341e-01 1.79930806e-01 1.38408303e-01 7.95847774e-02
    4.84429076e-02 2.42214538e-02 9.34256092e-02 2.76816618e-02
    8.65051895e-02 5.88235296e-02 9.68858153e-02 4.18685138e-01
    4.49827015e-02 5.88235296e-02 6.92041516e-02 2.76816618e-02
    1.10726647e-01</data></face-0>
