<?xml version="1.0"?>
<opencv_storage>
<radius>2</radius>
<neighbors>8</neighbors>
<grid_x>7</grid_x>
<grid_y>7</grid_y>
<num_faces>1</num_faces>
<face-0 type_id="opencv-matrix">
  <rows>49</rows>
  <cols>10</cols>
  <dt>f</dt>
  <data>
    2.66666673e-02 5.77777773e-02 7.11111128e-02 2.71111131e-01
    3.28888893e-01 7.11111128e-02 2.22222228e-02 3.11111119e-02
    4.44444455e-03 1.15555555e-01 1.33333337e-02 3.55555564e-02
    5.33333346e-02 1.77777782e-01 4.13333356e-01 1.33333340e-01
    3.55555564e-02 3.55555564e-02 3.55555564e-02 6.66666701e-02
    4.44444455e-03 3.55555564e-02 3.99999991e-02 1.42222226e-01
    2.40000010e-01 1.15555555e-01 5.33333346e-02 3.55555564e-02
    2.35555559e-01 9.77777839e-02 0. 0. 0. 3.11111119e-02 1.02222227e-01
    8.88888910e-03 3.11111119e-02 7.11111128e-02 7.37777770e-01
    1.77777782e-02 0. 0. 0. 0. 0. 4.44444455e-03 2.22222228e-02
    1.77777782e-02 9.51111138e-01 4.44444455e-03 0. 0. 0. 0.
    9.77777839e-02 8.88888910e-03 8.88888910e-03 0. 8.84444475e-01 0.
    1.37777776e-01 1.24444447e-01 5.33333346e-02 7.55555555e-02
    1.82222232e-01 7.55555555e-02 3.55555564e-02 8.44444484e-02
    3.99999991e-02 1.91111118e-01 0. 0. 0. 3.55555564e-02 3.33333343e-01
    2.66666673e-02 0. 0. 6.04444444e-01 0. 0. 4.44444455e-03
    8.88888910e-03 9.77777839e-02 2.40000010e-01 7.55555555e-02
    1.77777782e-02 3.99999991e-02 4.75555569e-01 3.99999991e-02
    1.33333337e-02 4.44444455e-02 6.66666701e-02 1.06666669e-01
    3.51111114e-01 1.24444447e-01 5.77777773e-02 5.33333346e-02
    1.46666676e-01 3.55555564e-02 0. 0. 0. 0. 1.77777782e-02
    1.77777782e-02 1.77777782e-02 1.33333337e-02 9.15555596e-01
    1.77777782e-02 0. 0. 0. 0. 0. 0. 0. 0. 1. 0. 0. 0. 0. 0.
    8.88888910e-03 2.66666673e-02 1.33333337e-02 0. 9.51111138e-01 0.
    1.77777782e-02 2.22222228e-02 1.77777782e-02 0. 2.26666674e-01
    2.22222228e-02 1.33333337e-02 2.66666673e-02 5.95555544e-01
    5.77777773e-02 0. 0. 0. 0. 0. 0. 0. 0. 1. 0. 0. 0. 0. 0.
    1.64444447e-01 0. 4.44444455e-03 2.22222228e-02 7.95555592e-01
    1.33333337e-02 1.77777782e-02 6.66666701e-02 8.44444484e-02
    7.55555555e-02 3.24444443e-01 1.59999996e-01 4.88888919e-02
    5.77777773e-02 6.66666701e-02 9.77777839e-02 0. 4.88888919e-02
    3.99999991e-02 2.66666673e-02 1.64444447e-01 9.33333337e-02
    4.88888919e-02 4.88888919e-02 4.53333348e-01 7.55555555e-02 0. 0. 0.
    0. 0. 0. 0. 0. 1. 0. 0. 0. 0. 0. 0. 0. 0. 0. 1. 0. 0. 4.44444455e-03
    0. 8.88888910e-03 1.24444447e-01 2.66666673e-02 6.66666701e-02
    3.99999991e-02 7.15555549e-01 1.33333337e-02 0. 0. 0. 0. 0. 0. 0. 0.
    1. 0. 0. 0. 0. 8.88888910e-03 2.22222228e-02 1.77777782e-02 0. 0.
    9.51111138e-01 0. 0. 0. 1.33333337e-02 1.24444447e-01 2.53333330e-01
    1.51111111e-01 3.99999991e-02 1.77777782e-02 3.51111114e-01
    4.88888919e-02 0. 0. 0. 1.77777782e-02 1.77777782e-02 8.88888910e-03
    0. 0. 9.55555558e-01 0. 0. 0. 0. 0. 8.88888910e-03 4.44444455e-03 0.
    0. 9.86666679e-01 0. 0. 0. 4.44444455e-03 7.99999982e-02
    9.33333337e-02 1.20000005e-01 8.88888910e-02 2.22222228e-02
    5.55555582e-01 3.55555564e-02 2.66666673e-02 3.99999991e-02
    2.22222228e-02 8.44444484e-02 3.11111122e-01 6.22222237e-02
    1.77777782e-02 7.55555555e-02 2.88888901e-01 7.11111128e-02 0.
    4.44444455e-03 2.66666673e-02 2.48888895e-01 3.11111122e-01
    6.22222237e-02 1.33333337e-02 4.44444455e-03 3.11111122e-01
    1.77777782e-02 0. 0. 1.33333337e-02 5.33333346e-02 2.22222224e-01
    2.22222228e-02 1.33333337e-02 0. 6.75555587e-01 0. 8.88888910e-03
    3.55555564e-02 1.77777782e-02 9.77777839e-02 4.08888906e-01
    2.00000003e-01 7.11111128e-02 4.44444455e-02 4.88888919e-02
    6.66666701e-02 0. 0. 1.77777782e-02 6.66666701e-02 3.60000014e-01
    1.24444447e-01 2.22222228e-02 8.88888910e-03 3.86666685e-01
    1.33333337e-02 0. 0. 4.44444455e-03 1.33333337e-02 2.66666673e-02
    2.66666673e-02 4.44444455e-03 2.66666673e-02 8.84444475e-01
    1.33333337e-02 0. 0. 0. 4.44444455e-02 1.37777776e-01 8.88888910e-02
    6.66666701e-02 4.88888919e-02 6.00000024e-01 1.33333337e-02
    1.33333337e-02 6.66666701e-02 2.22222228e-02 9.33333337e-02
    2.93333352e-01 1.11111112e-01 4.44444455e-03 3.99999991e-02
    2.71111131e-01 8.44444484e-02 2.22222228e-02 1.77777782e-02
    5.33333346e-02 2.08888888e-01 5.33333361e-01 1.06666669e-01
    1.33333337e-02 8.88888910e-03 1.33333337e-02 2.22222228e-02
    1.77777782e-02 0. 5.77777773e-02 2.66666681e-01 4.53333348e-01
    5.77777773e-02 1.33333337e-02 2.66666673e-02 2.66666673e-02
    7.99999982e-02 4.44444455e-02 1.02222227e-01 8.44444484e-02
    2.13333338e-01 2.48888895e-01 1.06666669e-01 3.11111119e-02
    6.66666701e-02 2.22222228e-02 7.99999982e-02 2.22222228e-02
    5.33333346e-02 5.77777773e-02 7.11111128e-02 3.28888893e-01
    6.22222237e-02 7.99999982e-02 5.77777773e-02 2.17777789e-01
    4.88888919e-02 0. 0. 0. 0. 0. 4.44444455e-03 0. 0. 9.95555580e-01 0.
    0. 0. 0. 0. 0. 4.44444455e-03 4.44444455e-03 0. 9.91111159e-01 0.
    1.77777782e-02 2.22222228e-02 4.44444455e-02 1.06666669e-01
    1.77777782e-01 1.20000005e-01 6.66666701e-02 3.11111119e-02
    3.91111135e-01 2.22222228e-02 5.77777773e-02 1.02222227e-01
    1.06666669e-01 2.00000003e-01 2.44444445e-01 3.11111119e-02
    2.22222228e-02 4.44444455e-02 2.66666673e-02 1.64444447e-01
    1.15555555e-01 1.20000005e-01 1.37777776e-01 1.33333340e-01
    2.13333338e-01 4.88888919e-02 1.77777782e-02 2.22222228e-02
    3.11111119e-02 1.59999996e-01 1.02222227e-01 8.88888910e-02
    7.11111128e-02 1.37777776e-01 2.31111109e-01 1.15555555e-01
    1.77777782e-02 5.77777773e-02 3.99999991e-02 1.37777776e-01 0. 0. 0.
    2.22222228e-02 2.31111109e-01 2.66666673e-02 8.88888910e-03 0.
    7.11111128e-01 0. 0. 0. 0. 0. 0. 0. 0. 0. 1. 0. 0. 0. 0. 0.
    4.44444455e-03 0. 0. 0. 9.95555580e-01 0. 4.44444455e-03 0.
    1.33333337e-02 9.33333337e-02 2.13333338e-01 3.11111119e-02
    5.33333346e-02 3.11111119e-02 5.20000041e-01 3.99999991e-02</data></face-0>
