<?xml version="1.0"?>
<opencv_storage>
<radius>2</radius>
<neighbors>8</neighbors>
<grid_x>7</grid_x>
<grid_y>7</grid_y>
<num_faces>1</num_faces>
<face-0 type_id="opencv-matrix">
  <rows>49</rows>
  <cols>10</cols>
  <dt>f</dt>
  <data>
    1.38504151e-02 8.31024908e-03 1.66204982e-02 4.98614945e-02
    1.46814406e-01 8.31024945e-02 5.81717417e-02 2.49307472e-02
    5.54016590e-01 4.43213284e-02 1.66204982e-02 4.15512472e-02
    3.32409963e-02 7.75623247e-02 2.02216059e-01 1.08033240e-01
    1.93905812e-02 4.98614945e-02 3.43490303e-01 1.08033240e-01
    8.31024908e-03 4.15512472e-02 2.77008303e-02 6.92520738e-02
    2.21606642e-01 2.04986140e-01 8.31024945e-02 7.20221549e-02
    2.10526317e-01 6.09418266e-02 3.32409963e-02 3.87811624e-02
    6.64819926e-02 1.55124649e-01 2.57617712e-01 9.41828191e-02
    4.70914096e-02 7.47922435e-02 1.52354568e-01 8.03324059e-02
    1.38504151e-02 6.37119114e-02 6.64819926e-02 9.14127380e-02
    2.52077550e-01 1.27423823e-01 8.86426568e-02 8.58725756e-02
    1.27423823e-01 8.31024945e-02 8.31024908e-03 8.31024908e-03
    3.87811624e-02 1.44044310e-01 2.52077550e-01 1.02493070e-01
    6.09418266e-02 4.43213284e-02 2.90858716e-01 4.98614945e-02 0. 0. 0.
    0. 5.54016605e-02 0. 0. 0. 9.44598317e-01 0. 0. 2.77008303e-03
    1.38504151e-02 8.31024908e-03 6.37119114e-02 2.77008303e-03 0.
    1.66204982e-02 8.67035985e-01 2.49307472e-02 0. 0. 0. 0.
    5.54016605e-03 1.10803321e-02 2.77008303e-03 5.54016605e-03
    9.75069225e-01 0. 0. 2.77008303e-03 1.38504151e-02 1.05263159e-01
    2.65927970e-01 8.03324059e-02 4.43213284e-02 2.21606642e-02
    4.32132959e-01 3.32409963e-02 0. 0. 2.77008303e-03 2.21606642e-02
    1.16343483e-01 1.21883653e-01 3.60110775e-02 1.38504151e-02
    6.64819956e-01 2.21606642e-02 0. 1.10803321e-02 1.66204982e-02
    1.32963985e-01 1.24653734e-01 6.09418266e-02 1.38504151e-02
    1.38504151e-02 6.12188339e-01 1.38504151e-02 4.43213284e-02
    6.09418266e-02 8.31024945e-02 1.68975070e-01 2.13296399e-01
    1.30193904e-01 6.09418266e-02 4.15512472e-02 8.31024945e-02
    1.13573402e-01 3.87811624e-02 2.77008303e-02 4.98614945e-02
    1.30193904e-01 1.66204989e-01 7.20221549e-02 4.15512472e-02
    2.49307472e-02 3.29639882e-01 1.19113572e-01 0. 0. 0. 0. 0. 0. 0. 0.
    1. 0. 0. 0. 0. 0. 1.10803321e-02 8.31024908e-03 0. 0. 9.80609417e-01
    0. 8.31024908e-03 4.43213284e-02 9.41828191e-02 1.05263159e-01
    3.18559557e-01 1.32963985e-01 4.98614945e-02 4.70914096e-02
    9.14127380e-02 1.08033240e-01 8.31024908e-03 3.32409963e-02
    2.77008303e-02 3.60110775e-02 1.38504148e-01 7.20221549e-02
    4.98614945e-02 5.54016605e-02 5.26315749e-01 5.26315793e-02 0. 0. 0.
    1.38504151e-02 3.32409963e-02 5.54016605e-02 2.21606642e-02
    2.77008303e-03 8.69806051e-01 2.77008303e-03 5.54016605e-03
    2.77008303e-03 5.54016605e-03 5.54016605e-02 1.66204989e-01
    7.75623247e-02 1.38504151e-02 3.87811624e-02 6.12188339e-01
    2.21606642e-02 3.04709133e-02 2.21606642e-02 4.70914096e-02
    1.91135734e-01 1.66204989e-01 1.49584487e-01 7.75623247e-02
    3.32409963e-02 2.07756221e-01 7.47922435e-02 0. 0. 0. 0. 0. 0. 0. 0.
    1. 0. 0. 0. 0. 0. 0. 0. 0. 8.31024908e-03 9.91689742e-01 0. 0. 0.
    2.77008303e-03 8.58725756e-02 1.63434893e-01 1.44044310e-01
    2.77008303e-02 1.93905812e-02 5.51246524e-01 5.54016605e-03 0. 0. 0.
    8.31024908e-03 1.66204982e-02 1.38504151e-02 2.77008303e-03 0.
    9.58448708e-01 0. 2.77008303e-03 1.38504151e-02 4.15512472e-02
    1.44044310e-01 2.60387808e-01 1.91135734e-01 6.09418266e-02
    3.32409963e-02 2.21606642e-01 3.04709133e-02 5.54016605e-03
    5.54016605e-03 0. 4.70914096e-02 3.40720206e-01 1.08033240e-01
    2.77008303e-02 3.04709133e-02 3.79501373e-01 5.54016605e-02
    3.32409963e-02 6.64819926e-02 6.92520738e-02 1.16343483e-01
    3.15789461e-01 1.49584487e-01 6.64819926e-02 4.15512472e-02
    5.26315793e-02 8.86426568e-02 0. 0. 0. 0. 0. 0. 0. 0. 1. 0. 0. 0. 0.
    0. 6.92520738e-02 1.10803321e-02 0. 2.77008303e-03 9.16897476e-01 0.
    2.49307472e-02 4.70914096e-02 6.64819926e-02 1.24653734e-01
    3.04709136e-01 9.97229889e-02 7.75623247e-02 9.97229889e-02
    5.81717417e-02 9.69529077e-02 1.38504151e-02 3.04709133e-02
    1.38504151e-02 5.81717417e-02 1.24653734e-01 9.14127380e-02
    5.54016605e-03 3.87811624e-02 5.45706332e-01 7.75623247e-02 0. 0.
    5.54016605e-03 2.21606642e-02 9.69529077e-02 8.31024945e-02
    3.60110775e-02 8.31024908e-03 7.45152354e-01 2.77008303e-03 0.
    2.21606642e-02 1.93905812e-02 6.09418266e-02 2.46537387e-01
    7.47922435e-02 4.98614945e-02 4.70914096e-02 4.48753446e-01
    3.04709133e-02 4.70914096e-02 5.54016605e-02 8.31024945e-02
    1.93905815e-01 2.60387808e-01 1.05263159e-01 6.37119114e-02
    4.70914096e-02 8.03324059e-02 6.37119114e-02 0. 0. 0. 2.49307472e-02
    4.98614945e-02 1.38504151e-02 8.31024908e-03 1.66204982e-02
    8.80886376e-01 5.54016605e-03 0. 0. 0. 0. 0. 0. 0. 0. 1. 0.
    5.54016605e-03 1.38504151e-02 1.93905812e-02 1.41274229e-01
    3.90581697e-01 1.32963985e-01 4.43213284e-02 2.49307472e-02
    1.85595557e-01 4.15512472e-02 5.54016605e-03 2.21606642e-02
    2.49307472e-02 2.77008303e-02 9.41828191e-02 5.26315793e-02
    2.77008303e-02 3.04709133e-02 6.64819956e-01 4.98614945e-02
    5.54016605e-03 1.38504151e-02 3.32409963e-02 1.85595557e-01
    2.38227144e-01 1.35734066e-01 4.43213284e-02 1.93905812e-02
    2.88088620e-01 3.60110775e-02 7.20221549e-02 5.54016605e-02
    1.05263159e-01 1.93905815e-01 2.21606642e-01 7.75623247e-02
    3.04709133e-02 3.32409963e-02 6.92520738e-02 1.41274229e-01
    4.70914096e-02 5.54016605e-02 8.03324059e-02 2.90858716e-01
    1.93905815e-01 1.02493070e-01 4.70914096e-02 5.26315793e-02
    2.77008303e-02 1.02493070e-01 0. 0. 0. 1.93905812e-02 9.97229889e-02
    5.54016605e-02 6.09418266e-02 6.37119114e-02 6.70360088e-01
    3.04709133e-02 1.66204982e-02 4.15512472e-02 3.60110775e-02
    4.15512472e-02 1.91135734e-01 5.81717417e-02 1.02493070e-01
    5.54016605e-02 4.12742376e-01 4.43213284e-02 1.66204982e-02
    2.49307472e-02 1.93905812e-02 6.09418266e-02 4.18282539e-01
    8.31024945e-02 5.54016605e-03 4.15512472e-02 2.54847646e-01
    7.47922435e-02 1.66204982e-02 2.21606642e-02 2.49307472e-02
    6.64819926e-02 2.65927970e-01 3.60110775e-02 3.60110775e-02
    2.77008303e-02 4.48753446e-01 5.54016605e-02 8.58725756e-02
    5.81717417e-02 8.03324059e-02 1.13573402e-01 1.74515232e-01
    1.46814406e-01 6.64819926e-02 4.98614945e-02 8.03324059e-02
    1.44044310e-01 6.92520738e-02 6.64819926e-02 7.75623247e-02
    1.13573402e-01 2.82548457e-01 1.02493070e-01 9.97229889e-02
    4.70914096e-02 3.60110775e-02 1.05263159e-01 8.31024945e-02
    1.05263159e-01 3.87811624e-02 1.66204989e-01 2.43767306e-01
    1.08033240e-01 6.92520738e-02 3.87811624e-02 2.49307472e-02
    1.21883653e-01</data></face-0>
