<?xml version="1.0"?>
<opencv_storage>
<radius>2</radius>
<neighbors>8</neighbors>
<grid_x>7</grid_x>
<grid_y>7</grid_y>
<num_faces>1</num_faces>
<face-0 type_id="opencv-matrix">
  <rows>49</rows>
  <cols>10</cols>
  <dt>f</dt>
  <data>
    1.36718750e-01 1.44531250e-01 8.98437500e-02 2.18750000e-01
    9.76562500e-02 7.42187500e-02 3.12500000e-02 3.90625000e-02
    3.12500000e-02 1.36718750e-01 1.36718750e-01 1.71875000e-01
    1.75781250e-01 2.14843750e-01 9.76562500e-02 7.03125000e-02
    7.81250000e-03 1.17187500e-02 7.81250000e-03 1.05468750e-01
    1.44531250e-01 1.87500000e-01 1.05468750e-01 1.36718750e-01
    1.44531250e-01 6.25000000e-02 1.95312500e-02 2.34375000e-02
    4.29687500e-02 1.32812500e-01 3.90625000e-02 4.68750000e-02
    3.51562500e-02 1.40625000e-01 1.99218750e-01 8.98437500e-02
    5.46875000e-02 6.64062500e-02 2.10937500e-01 1.17187500e-01
    4.29687500e-02 3.12500000e-02 6.64062500e-02 1.01562500e-01
    1.79687500e-01 1.32812500e-01 6.25000000e-02 9.76562500e-02
    1.60156250e-01 1.25000000e-01 6.64062500e-02 7.03125000e-02
    6.25000000e-02 1.56250000e-01 1.40625000e-01 8.20312500e-02
    6.25000000e-02 4.68750000e-02 1.87500000e-01 1.25000000e-01
    1.36718750e-01 1.05468750e-01 5.46875000e-02 1.01562500e-01
    1.36718750e-01 2.73437500e-02 7.81250000e-02 8.59375000e-02
    5.85937500e-02 2.14843750e-01 8.98437500e-02 1.01562500e-01
    1.01562500e-01 2.03125000e-01 3.16406250e-01 6.25000000e-02
    7.81250000e-03 3.12500000e-02 7.81250000e-03 7.81250000e-02
    7.81250000e-03 3.90625000e-03 2.73437500e-02 1.87500000e-01
    5.54687500e-01 5.46875000e-02 2.34375000e-02 0. 1.01562500e-01
    3.90625000e-02 1.17187500e-02 4.29687500e-02 2.73437500e-02
    1.40625000e-01 3.90625000e-01 8.98437500e-02 7.03125000e-02
    3.12500000e-02 1.36718750e-01 5.85937500e-02 1.56250000e-02
    1.95312500e-02 2.73437500e-02 1.09375000e-01 1.13281250e-01
    1.05468750e-01 7.03125000e-02 5.85937500e-02 4.14062500e-01
    6.64062500e-02 0. 0. 0. 7.81250000e-03 1.95312500e-02 1.17187500e-02
    0. 0. 9.57031250e-01 3.90625000e-03 0. 1.17187500e-02 3.90625000e-02
    1.25000000e-01 9.76562500e-02 1.09375000e-01 6.25000000e-02
    5.07812500e-02 4.37500000e-01 6.64062500e-02 5.85937500e-02
    1.01562500e-01 1.44531250e-01 2.03125000e-01 1.75781250e-01
    8.20312500e-02 6.64062500e-02 4.68750000e-02 2.73437500e-02
    9.37500000e-02 0. 0. 0. 1.25000000e-01 3.16406250e-01 5.85937500e-02
    0. 0. 5.00000000e-01 0. 0. 0. 0. 0. 1.05468750e-01 1.17187500e-02 0.
    0. 8.82812500e-01 0. 3.90625000e-03 1.95312500e-02 7.81250000e-03
    9.37500000e-02 3.43750000e-01 1.28906250e-01 6.25000000e-02
    7.03125000e-02 1.83593750e-01 8.59375000e-02 3.90625000e-03
    3.90625000e-03 3.90625000e-03 6.64062500e-02 2.85156250e-01
    1.05468750e-01 3.12500000e-02 1.95312500e-02 4.37500000e-01
    4.29687500e-02 0. 0. 0. 0. 1.95312500e-02 1.17187500e-02
    7.81250000e-03 1.95312500e-02 9.17968750e-01 2.34375000e-02
    7.81250000e-03 7.81250000e-03 7.81250000e-03 1.95312500e-02
    4.68750000e-02 1.09375000e-01 7.81250000e-03 3.90625000e-03
    7.73437500e-01 1.56250000e-02 2.34375000e-02 2.34375000e-02
    3.90625000e-02 1.60156250e-01 3.43750000e-01 1.48437500e-01
    1.05468750e-01 5.85937500e-02 4.29687500e-02 5.46875000e-02 0. 0. 0.
    0. 0. 0. 0. 0. 1. 0. 0. 0. 0. 0. 3.90625000e-03 0. 0. 0.
    9.96093750e-01 0. 3.90625000e-03 3.90625000e-03 2.73437500e-02
    1.60156250e-01 3.00781250e-01 1.21093750e-01 6.64062500e-02
    7.81250000e-03 2.77343750e-01 3.12500000e-02 0. 0. 0. 7.81250000e-03
    1.95312500e-02 2.73437500e-02 1.17187500e-02 5.07812500e-02
    8.63281250e-01 1.95312500e-02 0. 0. 0. 4.29687500e-02 1.48437500e-01
    9.37500000e-02 2.73437500e-02 1.95312500e-02 6.60156250e-01
    7.81250000e-03 1.56250000e-02 3.51562500e-02 3.51562500e-02
    1.28906250e-01 2.42187500e-01 1.48437500e-01 6.64062500e-02
    3.90625000e-02 2.07031250e-01 8.20312500e-02 8.20312500e-02
    8.59375000e-02 4.68750000e-02 7.42187500e-02 3.47656250e-01
    7.42187500e-02 3.90625000e-02 5.46875000e-02 3.12500000e-02
    1.64062500e-01 0. 0. 0. 0. 0. 0. 0. 0. 1. 0. 0. 0. 0. 0.
    1.01562500e-01 4.29687500e-02 1.95312500e-02 1.56250000e-02
    8.08593750e-01 1.17187500e-02 7.81250000e-03 2.73437500e-02
    3.12500000e-02 1.09375000e-01 3.00781250e-01 1.52343750e-01
    9.37500000e-02 3.90625000e-02 1.40625000e-01 9.76562500e-02 0. 0.
    2.34375000e-02 6.25000000e-02 1.60156250e-01 8.59375000e-02
    3.90625000e-02 4.68750000e-02 5.31250000e-01 5.07812500e-02
    7.81250000e-03 3.90625000e-03 2.73437500e-02 6.64062500e-02
    1.36718750e-01 8.98437500e-02 4.68750000e-02 5.07812500e-02
    4.96093750e-01 7.42187500e-02 7.81250000e-03 0. 2.73437500e-02
    1.21093750e-01 2.34375000e-01 1.32812500e-01 8.59375000e-02
    1.56250000e-02 3.43750000e-01 3.12500000e-02 4.29687500e-02
    4.68750000e-02 1.01562500e-01 9.76562500e-02 3.04687500e-01
    1.21093750e-01 1.09375000e-01 6.25000000e-02 4.29687500e-02
    7.03125000e-02 0. 0. 7.81250000e-03 2.26562500e-01 2.46093750e-01
    8.20312500e-02 3.90625000e-03 0. 4.33593750e-01 0. 0. 0. 0.
    4.68750000e-02 1.36718750e-01 5.85937500e-02 3.12500000e-02
    3.51562500e-02 6.64062500e-01 2.73437500e-02 3.90625000e-03
    3.90625000e-02 5.46875000e-02 1.17187500e-01 2.96875000e-01
    7.42187500e-02 5.07812500e-02 9.37500000e-02 1.67968750e-01
    1.01562500e-01 0. 3.90625000e-03 7.81250000e-03 6.25000000e-02
    2.46093750e-01 1.01562500e-01 1.17187500e-02 0. 5.66406250e-01 0. 0.
    0. 7.81250000e-03 3.12500000e-02 1.21093750e-01 2.73437500e-02
    7.81250000e-03 3.90625000e-03 8.00781250e-01 0. 2.73437500e-02
    6.25000000e-02 1.25000000e-01 2.96875000e-01 1.60156250e-01
    1.05468750e-01 6.64062500e-02 3.51562500e-02 3.51562500e-02
    8.59375000e-02 5.07812500e-02 6.25000000e-02 1.21093750e-01
    2.65625000e-01 1.64062500e-01 1.44531250e-01 6.25000000e-02
    3.51562500e-02 1.95312500e-02 7.42187500e-02 8.98437500e-02
    1.87500000e-01 1.17187500e-01 1.28906250e-01 2.46093750e-01
    5.46875000e-02 1.56250000e-02 1.95312500e-02 2.73437500e-02
    1.13281250e-01 6.64062500e-02 6.25000000e-02 6.25000000e-02
    9.37500000e-02 5.19531250e-01 5.07812500e-02 3.51562500e-02
    3.51562500e-02 2.34375000e-02 5.07812500e-02 3.12500000e-02
    5.85937500e-02 9.37500000e-02 1.79687500e-01 3.16406250e-01
    8.59375000e-02 4.68750000e-02 5.46875000e-02 4.29687500e-02
    8.98437500e-02 7.81250000e-03 0. 7.81250000e-03 3.90625000e-02
    8.20312500e-02 3.90625000e-02 5.07812500e-02 3.12500000e-02
    7.26562500e-01 1.56250000e-02 3.90625000e-03 0. 1.95312500e-02
    1.71875000e-01 3.35937500e-01 1.52343750e-01 1.95312500e-02
    7.81250000e-03 2.73437500e-01 1.56250000e-02 8.20312500e-02
    5.85937500e-02 1.40625000e-01 1.83593750e-01 1.99218750e-01
    8.98437500e-02 4.68750000e-02 6.64062500e-02 1.17187500e-02
    1.21093750e-01 1.21093750e-01 1.05468750e-01 5.85937500e-02
    8.20312500e-02 3.16406250e-01 2.73437500e-02 2.73437500e-02
    6.64062500e-02 5.85937500e-02 1.36718750e-01</data></face-0>
